initial: 6
0.72036 0.00000 0.09288 0.18676 0.00000 0.00000

transition: 6
0.29588 0.01123 0.50399 0.00102 0.00000 0.18787
0.20068 0.20146 0.59771 0.00012 0.00000 0.00003
0.00367 0.49690 0.19880 0.30047 0.00001 0.00015
0.00026 0.20237 0.00017 0.59750 0.00001 0.19970
0.10751 0.00001 0.00000 0.00000 0.50022 0.39227
0.00074 0.39357 0.00001 0.00000 0.30469 0.30100

observation: 6
0.69520 0.49671 0.30204 0.09985 0.00028 0.09750
0.00150 0.00145 0.39895 0.09948 0.10222 0.09718
0.30259 0.00033 0.20012 0.19602 0.09692 0.30237
0.00067 0.50149 0.09875 0.00000 0.00134 0.40393
0.00004 0.00002 0.00013 0.60465 0.00277 0.09902
0.00000 0.00000 0.00000 0.00000 0.79647 0.00000
