initial: 6
0.78947 0.14910 0.02469 0.03670 0.00002 0.00002

transition: 6
0.28368 0.38765 0.10618 0.08355 0.07982 0.05912
0.07786 0.31231 0.37702 0.07409 0.07648 0.08224
0.13436 0.08012 0.27970 0.42179 0.04919 0.03485
0.10058 0.11113 0.08912 0.30796 0.33627 0.05494
0.01792 0.03866 0.06377 0.02283 0.45742 0.39940
0.34932 0.05666 0.10741 0.16172 0.09792 0.22698

observation: 6
0.09831 0.29823 0.05529 0.05592 0.26539 0.09677
0.20163 0.29581 0.16183 0.08107 0.00982 0.01390
0.31086 0.20345 0.22873 0.34808 0.25260 0.21460
0.36307 0.12282 0.23905 0.44931 0.06569 0.09793
0.02567 0.07634 0.31432 0.06354 0.06347 0.51488
0.00046 0.00335 0.00078 0.00208 0.34303 0.06192
