initial: 6
0.50708 0.49292 0.00000 0.00000 0.00000 0.00000

transition: 6
0.29145 0.50902 0.00658 0.19258 0.00002 0.00036
0.00058 0.50246 0.19858 0.00004 0.00001 0.29834
0.00235 0.00027 0.20245 0.78879 0.00005 0.00609
0.00016 0.00104 0.00434 0.28111 0.51355 0.19980
0.00000 0.00000 0.00000 0.00000 0.50086 0.49914
0.59842 0.00005 0.20667 0.19486 0.00000 0.00000

observation: 6
0.00020 0.29929 0.00159 0.09975 0.29888 0.09845
0.09999 0.39612 0.00002 0.10135 0.00000 0.10054
0.40425 0.20028 0.48975 0.29584 0.30238 0.00000
0.49556 0.10431 0.50693 0.40305 0.00000 0.00000
0.00000 0.00000 0.00171 0.10001 0.00000 0.80100
0.00000 0.00000 0.00000 0.00000 0.39875 0.00000
