initial: 6
0.50715 0.49285 0.00000 0.00000 0.00000 0.00000

transition: 6
0.29132 0.50889 0.00684 0.19244 0.00002 0.00050
0.00080 0.50233 0.19852 0.00004 0.00001 0.29830
0.00221 0.00027 0.20273 0.78885 0.00005 0.00590
0.00016 0.00119 0.00434 0.28059 0.51384 0.19989
0.00000 0.00000 0.00000 0.00000 0.50086 0.49914
0.59855 0.00005 0.20671 0.19469 0.00000 0.00000

observation: 6
0.00015 0.29932 0.00178 0.09978 0.29886 0.09843
0.09999 0.39614 0.00002 0.10136 0.00000 0.10054
0.40428 0.20026 0.48956 0.29581 0.30239 0.00000
0.49559 0.10428 0.50679 0.40305 0.00000 0.00000
0.00000 0.00000 0.00185 0.10001 0.00000 0.80103
0.00000 0.00000 0.00000 0.00000 0.39875 0.00000
