initial: 6
0.71851 0.00000 0.09447 0.18702 0.00000 0.00000

transition: 6
0.29599 0.00734 0.50705 0.00041 0.00000 0.18921
0.19929 0.20028 0.60034 0.00006 0.00000 0.00003
0.00318 0.49589 0.20119 0.29958 0.00001 0.00015
0.00010 0.20221 0.00017 0.59771 0.00001 0.19980
0.10735 0.00001 0.00000 0.00000 0.49945 0.39320
0.00030 0.39350 0.00001 0.00000 0.30418 0.30201

observation: 6
0.69596 0.49749 0.30287 0.09992 0.00007 0.09769
0.00090 0.00067 0.39784 0.09979 0.10234 0.09734
0.30262 0.00020 0.20019 0.19616 0.09687 0.30214
0.00049 0.50163 0.09898 0.00000 0.00045 0.40398
0.00004 0.00002 0.00013 0.60413 0.00279 0.09884
0.00000 0.00000 0.00000 0.00000 0.79749 0.00000
