initial: 6
0.71965 0.00000 0.09252 0.18782 0.00000 0.00000

transition: 6
0.30872 0.00112 0.49342 0.00024 0.00000 0.19650
0.00100 0.20012 0.79784 0.00104 0.00000 0.00000
0.00041 0.49909 0.20157 0.29891 0.00000 0.00002
0.00006 0.20187 0.00003 0.59787 0.00002 0.20016
0.10507 0.00001 0.00000 0.00000 0.49651 0.39842
0.00014 0.39361 0.00001 0.00000 0.30001 0.30624

observation: 6
0.99536 0.49825 0.29795 0.09836 0.00022 0.09835
0.00224 0.00009 0.39992 0.09989 0.10345 0.09761
0.00238 0.00202 0.20058 0.80172 0.09031 0.30882
0.00002 0.49965 0.10155 0.00003 0.00323 0.39575
0.00000 0.00000 0.00000 0.00000 0.00182 0.09946
0.00000 0.00000 0.00000 0.00000 0.80097 0.00000
