initial: 6
0.00001 0.12429 0.08088 0.20986 0.00000 0.58496

transition: 6
0.19864 0.26951 0.53179 0.00005 0.00001 0.00001
0.09428 0.30653 0.41870 0.03730 0.00000 0.14319
0.50428 0.01354 0.16728 0.31487 0.00001 0.00001
0.20076 0.00338 0.00166 0.59812 0.00001 0.19607
0.00001 0.10727 0.00000 0.00000 0.50770 0.38502
0.39939 0.00059 0.00000 0.00000 0.31025 0.28978

observation: 6
0.48811 0.67013 0.27233 0.10075 0.00381 0.09543
0.00441 0.02298 0.43295 0.09742 0.10007 0.09540
0.00004 0.28373 0.19193 0.19622 0.10168 0.30332
0.50742 0.02313 0.10213 0.00000 0.00611 0.40350
0.00003 0.00004 0.00067 0.60561 0.00195 0.10235
0.00000 0.00000 0.00000 0.00000 0.78638 0.00000
