initial: 6
0.01486 0.15064 0.07651 0.19212 0.00000 0.56587

transition: 6
0.17693 0.52983 0.28146 0.00082 0.00367 0.00729
0.14177 0.46427 0.26764 0.07594 0.00002 0.05035
0.55220 0.04626 0.02251 0.36831 0.00272 0.00800
0.18563 0.03052 0.03465 0.56218 0.00172 0.18531
0.01671 0.09965 0.00001 0.00000 0.54298 0.34065
0.39177 0.02460 0.00004 0.00000 0.35292 0.23067

observation: 6
0.43570 0.56484 0.16485 0.08890 0.01543 0.09247
0.01192 0.11483 0.53859 0.07110 0.09956 0.07782
0.01383 0.17535 0.23970 0.18263 0.11215 0.33523
0.53793 0.14469 0.02777 0.00002 0.03084 0.38943
0.00063 0.00029 0.02909 0.65735 0.00773 0.10504
0.00000 0.00000 0.00000 0.00000 0.73430 0.00000
