initial: 6
0.50724 0.49276 0.00000 0.00000 0.00000 0.00000

transition: 6
0.29116 0.50868 0.00707 0.19237 0.00002 0.00070
0.00105 0.50218 0.19848 0.00004 0.00001 0.29825
0.00212 0.00027 0.20318 0.78871 0.00005 0.00568
0.00016 0.00140 0.00434 0.27986 0.51426 0.19998
0.00000 0.00000 0.00000 0.00000 0.50086 0.49914
0.59878 0.00005 0.20676 0.19442 0.00000 0.00000

observation: 6
0.00008 0.29936 0.00197 0.09984 0.29882 0.09840
0.10000 0.39615 0.00002 0.10137 0.00000 0.10054
0.40431 0.20024 0.48930 0.29575 0.30241 0.00000
0.49561 0.10424 0.50663 0.40304 0.00000 0.00000
0.00000 0.00000 0.00207 0.10000 0.00000 0.80106
0.00000 0.00000 0.00000 0.00000 0.39877 0.00000
