initial: 6
0.72798 0.00000 0.08644 0.18559 0.00000 0.00000

transition: 6
0.29631 0.02636 0.49156 0.00355 0.00000 0.18223
0.20569 0.20995 0.58306 0.00128 0.00000 0.00003
0.00523 0.50383 0.18601 0.30460 0.00001 0.00033
0.00113 0.20337 0.00017 0.59640 0.00001 0.19893
0.10792 0.00001 0.00000 0.00000 0.50286 0.38922
0.00226 0.39406 0.00001 0.00000 0.30705 0.29661

observation: 6
0.69197 0.49349 0.29771 0.09918 0.00163 0.09632
0.00415 0.00515 0.40491 0.09834 0.10198 0.09613
0.30228 0.00096 0.20066 0.19562 0.09679 0.30370
0.00156 0.50038 0.09626 0.00000 0.00389 0.40433
0.00004 0.00002 0.00046 0.60686 0.00267 0.09952
0.00000 0.00000 0.00000 0.00000 0.79304 0.00000
