initial: 6
0.71889 0.00000 0.09415 0.18696 0.00000 0.00000

transition: 6
0.29593 0.00824 0.50638 0.00054 0.00000 0.18891
0.19961 0.20049 0.59982 0.00006 0.00000 0.00003
0.00331 0.49606 0.20070 0.29978 0.00001 0.00015
0.00010 0.20225 0.00017 0.59768 0.00001 0.19979
0.10739 0.00001 0.00000 0.00000 0.49960 0.39300
0.00043 0.39347 0.00001 0.00000 0.30427 0.30182

observation: 6
0.69580 0.49733 0.30269 0.09991 0.00007 0.09769
0.00103 0.00084 0.39807 0.09972 0.10231 0.09731
0.30264 0.00020 0.20017 0.19614 0.09687 0.30220
0.00051 0.50161 0.09895 0.00000 0.00067 0.40393
0.00004 0.00002 0.00013 0.60423 0.00279 0.09888
0.00000 0.00000 0.00000 0.00000 0.79729 0.00000
