initial: 6
0.71858 0.00000 0.09441 0.18701 0.00000 0.00000

transition: 6
0.29599 0.00745 0.50696 0.00043 0.00000 0.18917
0.19934 0.20030 0.60028 0.00006 0.00000 0.00003
0.00320 0.49591 0.20113 0.29960 0.00001 0.00015
0.00010 0.20221 0.00017 0.59771 0.00001 0.19980
0.10736 0.00001 0.00000 0.00000 0.49946 0.39318
0.00032 0.39349 0.00001 0.00000 0.30419 0.30199

observation: 6
0.69593 0.49747 0.30284 0.09992 0.00007 0.09769
0.00092 0.00069 0.39787 0.09978 0.10233 0.09734
0.30262 0.00020 0.20018 0.19616 0.09687 0.30215
0.00050 0.50163 0.09898 0.00000 0.00047 0.40398
0.00004 0.00002 0.00013 0.60414 0.00279 0.09885
0.00000 0.00000 0.00000 0.00000 0.79747 0.00000
