initial: 6
0.74325 0.00000 0.07344 0.18331 0.00000 0.00000

transition: 6
0.29932 0.05685 0.46597 0.00776 0.00000 0.17010
0.21635 0.23720 0.54078 0.00564 0.00000 0.00003
0.00806 0.52772 0.14503 0.31831 0.00002 0.00086
0.00291 0.20647 0.00036 0.59346 0.00001 0.19678
0.10823 0.00001 0.00000 0.00000 0.50811 0.38365
0.00603 0.39468 0.00001 0.00000 0.31215 0.28714

observation: 6
0.68435 0.48495 0.28584 0.09749 0.00391 0.09471
0.01067 0.01669 0.42154 0.09581 0.10278 0.09190
0.30137 0.00236 0.20383 0.19521 0.09645 0.30675
0.00354 0.49598 0.08731 0.00000 0.00770 0.40644
0.00007 0.00002 0.00148 0.61149 0.00296 0.10020
0.00000 0.00000 0.00000 0.00000 0.78620 0.00000
