initial: 6
0.73690 0.01222 0.10509 0.14579 0.00000 0.00000

transition: 6
0.41960 0.42109 0.11315 0.00778 0.01276 0.02563
0.18679 0.56294 0.22252 0.01904 0.00222 0.00649
0.17063 0.13057 0.07004 0.57596 0.00651 0.04629
0.16484 0.10880 0.05651 0.47988 0.01085 0.17911
0.10175 0.02639 0.00122 0.00304 0.62823 0.23937
0.34125 0.07796 0.00336 0.00011 0.32021 0.25712

observation: 6
0.50904 0.41743 0.26597 0.05076 0.02883 0.05066
0.06028 0.19390 0.38433 0.02808 0.10427 0.06101
0.21285 0.07205 0.26049 0.15119 0.15964 0.25342
0.21558 0.31528 0.01430 0.01021 0.04654 0.51494
0.00225 0.00134 0.07492 0.75976 0.03119 0.05454
0.00000 0.00000 0.00000 0.00000 0.62952 0.06544
