initial: 6
0.61623 0.38055 0.00030 0.00291 0.00000 0.00000

transition: 6
0.24817 0.47039 0.08141 0.10899 0.05213 0.03891
0.04849 0.38001 0.34412 0.03906 0.06300 0.12532
0.15049 0.04177 0.17182 0.57693 0.04776 0.01124
0.05174 0.09617 0.06419 0.31267 0.41631 0.05892
0.00056 0.01472 0.01903 0.00055 0.50488 0.46026
0.64390 0.00546 0.03207 0.29666 0.01938 0.00252

observation: 6
0.01544 0.33514 0.04193 0.01983 0.31412 0.07818
0.10536 0.41819 0.13753 0.03815 0.00364 0.05931
0.41159 0.15721 0.22847 0.37423 0.30271 0.01536
0.46706 0.07843 0.23056 0.53100 0.01069 0.00221
0.00056 0.01090 0.36151 0.03675 0.00723 0.84478
0.00000 0.00013 0.00000 0.00004 0.36162 0.00017
