initial: 6
0.00064 0.16254 0.05590 0.20657 0.00000 0.57435

transition: 6
0.15823 0.49941 0.34063 0.00033 0.00032 0.00108
0.14051 0.43346 0.26317 0.09067 0.00000 0.07218
0.55114 0.03223 0.05917 0.35659 0.00040 0.00047
0.19372 0.01770 0.00887 0.58937 0.00026 0.19008
0.00255 0.11060 0.00000 0.00000 0.52792 0.35894
0.40062 0.00906 0.00000 0.00000 0.33252 0.25780

observation: 6
0.45937 0.58510 0.17445 0.09773 0.01222 0.09531
0.00896 0.09297 0.53842 0.09192 0.09834 0.08523
0.00177 0.20693 0.19935 0.19183 0.10963 0.31845
0.52975 0.11491 0.08005 0.00000 0.01918 0.39637
0.00014 0.00009 0.00772 0.61852 0.00415 0.10463
0.00000 0.00000 0.00000 0.00000 0.75649 0.00000
