initial: 6
0.00001 0.10759 0.09405 0.21023 0.00000 0.58812

transition: 6
0.20249 0.21375 0.58369 0.00005 0.00001 0.00001
0.03270 0.28816 0.49535 0.00422 0.00000 0.17957
0.49605 0.00810 0.19092 0.30492 0.00001 0.00001
0.20071 0.00104 0.00118 0.59859 0.00001 0.19848
0.00001 0.10368 0.00000 0.00000 0.50294 0.39337
0.39774 0.00015 0.00000 0.00000 0.30464 0.29747

observation: 6
0.49310 0.69275 0.29827 0.10020 0.00053 0.09816
0.00257 0.00548 0.40452 0.09894 0.10204 0.09590
0.00004 0.29712 0.19867 0.19626 0.09858 0.30170
0.50427 0.00461 0.09829 0.00000 0.00358 0.40287
0.00003 0.00004 0.00025 0.60461 0.00194 0.10137
0.00000 0.00000 0.00000 0.00000 0.79334 0.00000
