initial: 6
0.50742 0.49258 0.00000 0.00000 0.00000 0.00000

transition: 6
0.29085 0.50799 0.00744 0.19262 0.00002 0.00109
0.00158 0.50189 0.19841 0.00004 0.00001 0.29808
0.00216 0.00034 0.20433 0.78793 0.00006 0.00519
0.00016 0.00176 0.00449 0.27754 0.51567 0.20038
0.00000 0.00000 0.00000 0.00000 0.50088 0.49912
0.59974 0.00005 0.20657 0.19364 0.00000 0.00000

observation: 6
0.00008 0.29941 0.00236 0.09993 0.29874 0.09832
0.09996 0.39615 0.00002 0.10139 0.00000 0.10050
0.40435 0.20022 0.48868 0.29563 0.30246 0.00000
0.49560 0.10421 0.50629 0.40306 0.00000 0.00000
0.00000 0.00000 0.00265 0.10000 0.00000 0.80118
0.00000 0.00000 0.00000 0.00000 0.39880 0.00000
