initial: 6
0.85691 0.00000 0.00114 0.14194 0.00000 0.00000

transition: 6
0.29625 0.44691 0.14387 0.08018 0.00372 0.02908
0.13427 0.58046 0.24678 0.03590 0.00030 0.00228
0.16621 0.16378 0.21174 0.41517 0.00134 0.04176
0.08844 0.06615 0.04492 0.52484 0.03992 0.23574
0.12015 0.00983 0.00087 0.00131 0.70456 0.16328
0.30574 0.29013 0.01633 0.00053 0.23697 0.15030

observation: 6
0.79100 0.28977 0.21491 0.06937 0.03636 0.06833
0.07429 0.24845 0.30865 0.04100 0.11655 0.02317
0.07043 0.07137 0.38025 0.87590 0.17050 0.14918
0.06426 0.39041 0.09619 0.01359 0.08453 0.66303
0.00002 0.00000 0.00000 0.00015 0.03728 0.09151
0.00000 0.00000 0.00000 0.00000 0.55478 0.00477
