initial: 6
0.00001 0.12913 0.07697 0.20974 0.00000 0.58415

transition: 6
0.19631 0.28963 0.51400 0.00005 0.00001 0.00001
0.10810 0.31461 0.39605 0.04792 0.00000 0.13333
0.50757 0.01499 0.15992 0.31751 0.00001 0.00001
0.20063 0.00413 0.00181 0.59794 0.00001 0.19548
0.00001 0.10796 0.00000 0.00000 0.50905 0.38298
0.39980 0.00077 0.00000 0.00000 0.31177 0.28765

observation: 6
0.48660 0.66335 0.26241 0.10091 0.00470 0.09500
0.00481 0.02850 0.44347 0.09710 0.09964 0.09507
0.00004 0.27817 0.18988 0.19619 0.10253 0.30406
0.50853 0.02995 0.10343 0.00000 0.00681 0.40331
0.00003 0.00004 0.00081 0.60581 0.00198 0.10257
0.00000 0.00000 0.00000 0.00000 0.78434 0.00000
