initial: 6
0.00012 0.15842 0.05635 0.20838 0.00000 0.57674

transition: 6
0.16275 0.46291 0.37372 0.00021 0.00008 0.00033
0.14379 0.40976 0.27492 0.09085 0.00000 0.08067
0.54119 0.02656 0.08678 0.34529 0.00010 0.00009
0.19610 0.01383 0.00537 0.59322 0.00008 0.19140
0.00094 0.11125 0.00000 0.00000 0.52263 0.36518
0.40136 0.00555 0.00000 0.00000 0.32651 0.26657

observation: 6
0.46647 0.60181 0.18561 0.09970 0.01056 0.09521
0.00833 0.07859 0.52638 0.09390 0.09805 0.08843
0.00066 0.22137 0.18998 0.19361 0.10834 0.31399
0.52447 0.09816 0.09376 0.00000 0.01547 0.39810
0.00007 0.00006 0.00427 0.61279 0.00329 0.10426
0.00000 0.00000 0.00000 0.00000 0.76427 0.00000
