initial: 6
0.78318 0.00000 0.05117 0.16565 0.00000 0.00000

transition: 6
0.23803 0.20946 0.40074 0.05036 0.00019 0.10121
0.05520 0.39126 0.51786 0.03568 0.00000 0.00000
0.08785 0.56612 0.01535 0.32833 0.00000 0.00234
0.05644 0.13344 0.00202 0.56595 0.00183 0.24032
0.10686 0.00008 0.00000 0.00000 0.61710 0.27596
0.06126 0.44241 0.00422 0.00000 0.32106 0.17106

observation: 6
0.94649 0.39091 0.23383 0.06481 0.02432 0.08926
0.01629 0.05965 0.49840 0.08921 0.11083 0.06881
0.02433 0.04508 0.25470 0.84400 0.11931 0.32896
0.01289 0.50437 0.01308 0.00198 0.07759 0.42111
0.00000 0.00000 0.00000 0.00000 0.02653 0.09186
0.00000 0.00000 0.00000 0.00000 0.64142 0.00000
