initial: 6
0.72502 0.00000 0.08904 0.18594 0.00000 0.00000

transition: 6
0.30831 0.01907 0.47309 0.00324 0.00000 0.19630
0.00075 0.23848 0.74661 0.01415 0.00000 0.00000
0.00253 0.52073 0.17515 0.30157 0.00000 0.00002
0.00205 0.20369 0.00003 0.59341 0.00002 0.20080
0.10534 0.00001 0.00000 0.00000 0.50950 0.38515
0.00107 0.40155 0.00001 0.00000 0.30539 0.29198

observation: 6
0.99227 0.49368 0.29123 0.09416 0.00363 0.09671
0.00279 0.00552 0.41602 0.09896 0.10398 0.09510
0.00351 0.00750 0.20383 0.80686 0.09119 0.31233
0.00142 0.49330 0.08892 0.00003 0.01457 0.39611
0.00000 0.00000 0.00000 0.00000 0.00449 0.09975
0.00000 0.00000 0.00000 0.00000 0.78214 0.00000
