initial: 6
0.72107 0.00000 0.09177 0.18716 0.00000 0.00000

transition: 6
0.30813 0.00793 0.48548 0.00185 0.00000 0.19662
0.00057 0.21322 0.77906 0.00716 0.00000 0.00000
0.00144 0.50754 0.19185 0.29915 0.00000 0.00002
0.00076 0.20257 0.00003 0.59605 0.00002 0.20057
0.10509 0.00001 0.00000 0.00000 0.50322 0.39168
0.00047 0.39779 0.00001 0.00000 0.30252 0.29921

observation: 6
0.99477 0.49620 0.29624 0.09672 0.00190 0.09774
0.00224 0.00210 0.40581 0.09946 0.10368 0.09654
0.00271 0.00464 0.20050 0.80379 0.09090 0.31045
0.00029 0.49706 0.09744 0.00003 0.00919 0.39577
0.00000 0.00000 0.00000 0.00000 0.00323 0.09950
0.00000 0.00000 0.00000 0.00000 0.79111 0.00000
