initial: 6
0.00001 0.11561 0.08791 0.21005 0.00000 0.58642

transition: 6
0.20142 0.23795 0.56056 0.00005 0.00001 0.00001
0.06536 0.29508 0.45923 0.01853 0.00000 0.16181
0.49933 0.01087 0.17975 0.31003 0.00001 0.00001
0.20078 0.00221 0.00142 0.59835 0.00001 0.19723
0.00001 0.10575 0.00000 0.00000 0.50538 0.38887
0.39862 0.00034 0.00000 0.00000 0.30752 0.29351

observation: 6
0.49064 0.68169 0.28742 0.10044 0.00216 0.09656
0.00362 0.01366 0.41671 0.09808 0.10098 0.09578
0.00004 0.29180 0.19561 0.19622 0.10015 0.30231
0.50568 0.01281 0.09980 0.00000 0.00493 0.40344
0.00003 0.00004 0.00045 0.60526 0.00194 0.10192
0.00000 0.00000 0.00000 0.00000 0.78984 0.00000
