initial: 6
0.50725 0.49275 0.00000 0.00000 0.00000 0.00000

transition: 6
0.29014 0.50387 0.00767 0.19665 0.00002 0.00166
0.00249 0.50154 0.19841 0.00004 0.00001 0.29752
0.00252 0.00046 0.20712 0.78541 0.00006 0.00442
0.00016 0.00241 0.00489 0.27211 0.51891 0.20151
0.00000 0.00000 0.00000 0.00000 0.50094 0.49906
0.60530 0.00005 0.20264 0.19201 0.00000 0.00000

observation: 6
0.00008 0.29945 0.00324 0.10012 0.29860 0.09816
0.09941 0.39626 0.00002 0.10132 0.00000 0.10040
0.40477 0.20011 0.48747 0.29543 0.30257 0.00000
0.49574 0.10419 0.50528 0.40316 0.00000 0.00000
0.00000 0.00000 0.00399 0.09998 0.00000 0.80145
0.00000 0.00000 0.00000 0.00000 0.39883 0.00000
