initial: 6
0.00001 0.10600 0.09518 0.21029 0.00000 0.58852

transition: 6
0.20245 0.20950 0.58799 0.00005 0.00001 0.00001
0.02489 0.28746 0.50236 0.00222 0.00000 0.18308
0.49563 0.00741 0.19320 0.30374 0.00001 0.00001
0.20072 0.00074 0.00111 0.59867 0.00001 0.19875
0.00001 0.10312 0.00000 0.00000 0.50235 0.39452
0.39752 0.00009 0.00000 0.00000 0.30396 0.29844

observation: 6
0.49367 0.69515 0.30009 0.10019 0.00024 0.09854
0.00227 0.00390 0.40236 0.09919 0.10229 0.09589
0.00004 0.29788 0.19921 0.19629 0.09822 0.30162
0.50399 0.00303 0.09816 0.00000 0.00315 0.40273
0.00003 0.00004 0.00018 0.60434 0.00194 0.10122
0.00000 0.00000 0.00000 0.00000 0.79417 0.00000
