initial: 6
0.50722 0.49278 0.00000 0.00000 0.00000 0.00000

transition: 6
0.29120 0.50872 0.00702 0.19238 0.00002 0.00066
0.00099 0.50221 0.19849 0.00004 0.00001 0.29826
0.00212 0.00027 0.20308 0.78876 0.00005 0.00572
0.00016 0.00136 0.00434 0.28006 0.51413 0.19995
0.00000 0.00000 0.00000 0.00000 0.50086 0.49914
0.59871 0.00005 0.20675 0.19449 0.00000 0.00000

observation: 6
0.00008 0.29936 0.00193 0.09984 0.29882 0.09841
0.10000 0.39616 0.00002 0.10137 0.00000 0.10054
0.40431 0.20024 0.48936 0.29576 0.30241 0.00000
0.49561 0.10424 0.50667 0.40304 0.00000 0.00000
0.00000 0.00000 0.00202 0.10000 0.00000 0.80105
0.00000 0.00000 0.00000 0.00000 0.39877 0.00000
