initial: 6
0.84867 0.00000 0.00361 0.14772 0.00000 0.00000

transition: 6
0.24138 0.35262 0.28926 0.06406 0.00335 0.04934
0.11198 0.58678 0.27356 0.02751 0.00001 0.00016
0.19883 0.31737 0.03410 0.40734 0.00036 0.04200
0.08543 0.05088 0.01834 0.54683 0.02700 0.27151
0.11171 0.00156 0.00001 0.00007 0.68284 0.20381
0.15511 0.45058 0.02075 0.00006 0.26545 0.10806

observation: 6
0.88907 0.30720 0.17451 0.05805 0.03270 0.08409
0.03654 0.17678 0.47198 0.04827 0.12222 0.02584
0.05692 0.09239 0.30981 0.88658 0.15929 0.22622
0.01747 0.42362 0.04370 0.00710 0.07991 0.57926
0.00000 0.00000 0.00000 0.00000 0.03729 0.08454
0.00000 0.00000 0.00000 0.00000 0.56860 0.00007
