initial: 6
0.86065 0.00000 0.00070 0.13865 0.00000 0.00000

transition: 6
0.27167 0.42656 0.18477 0.07614 0.00405 0.03681
0.12752 0.59803 0.24261 0.03079 0.00011 0.00095
0.17906 0.18882 0.14139 0.44658 0.00075 0.04340
0.08877 0.05843 0.03332 0.52911 0.03575 0.25462
0.11741 0.00517 0.00022 0.00059 0.69443 0.18219
0.22525 0.38441 0.01709 0.00023 0.24590 0.12713

observation: 6
0.83605 0.28967 0.21131 0.06452 0.03523 0.07372
0.05822 0.23065 0.35944 0.04420 0.12030 0.02081
0.07222 0.07843 0.35097 0.88278 0.16934 0.17127
0.03350 0.40125 0.07828 0.00847 0.07839 0.64574
0.00000 0.00000 0.00000 0.00003 0.03743 0.08727
0.00000 0.00000 0.00000 0.00000 0.55931 0.00119
