initial: 6
0.71918 0.00000 0.09390 0.18692 0.00000 0.00000

transition: 6
0.29593 0.00883 0.50590 0.00064 0.00000 0.18870
0.19984 0.20064 0.59944 0.00006 0.00000 0.00003
0.00337 0.49620 0.20037 0.29991 0.00001 0.00015
0.00011 0.20227 0.00017 0.59765 0.00001 0.19978
0.10741 0.00001 0.00000 0.00000 0.49972 0.39285
0.00049 0.39349 0.00001 0.00000 0.30435 0.30167

observation: 6
0.69567 0.49723 0.30256 0.09991 0.00010 0.09766
0.00113 0.00096 0.39822 0.09967 0.10229 0.09729
0.30264 0.00020 0.20016 0.19613 0.09688 0.30223
0.00053 0.50160 0.09893 0.00000 0.00080 0.40393
0.00004 0.00002 0.00013 0.60429 0.00279 0.09890
0.00000 0.00000 0.00000 0.00000 0.79712 0.00000
