initial: 6
0.71965 0.00000 0.09252 0.18783 0.00000 0.00000

transition: 6
0.30874 0.00106 0.49350 0.00021 0.00000 0.19649
0.00103 0.20003 0.79798 0.00095 0.00000 0.00000
0.00038 0.49905 0.20162 0.29894 0.00000 0.00002
0.00006 0.20186 0.00003 0.59788 0.00002 0.20015
0.10507 0.00001 0.00000 0.00000 0.49638 0.39854
0.00014 0.39353 0.00001 0.00000 0.29997 0.30635

observation: 6
0.99537 0.49827 0.29794 0.09838 0.00019 0.09835
0.00225 0.00009 0.39987 0.09989 0.10345 0.09762
0.00237 0.00199 0.20062 0.80171 0.09029 0.30879
0.00002 0.49966 0.10158 0.00003 0.00311 0.39577
0.00000 0.00000 0.00000 0.00000 0.00179 0.09947
0.00000 0.00000 0.00000 0.00000 0.80117 0.00000
