initial: 6
0.50715 0.49285 0.00000 0.00000 0.00000 0.00000

transition: 6
0.29000 0.50290 0.00769 0.19768 0.00002 0.00172
0.00260 0.50152 0.19842 0.00004 0.00001 0.29742
0.00258 0.00048 0.20749 0.78504 0.00007 0.00433
0.00016 0.00250 0.00495 0.27133 0.51936 0.20169
0.00000 0.00000 0.00000 0.00000 0.50095 0.49905
0.60662 0.00005 0.20155 0.19179 0.00000 0.00000

observation: 6
0.00008 0.29944 0.00337 0.10014 0.29858 0.09813
0.09926 0.39629 0.00002 0.10129 0.00000 0.10038
0.40488 0.20008 0.48732 0.29541 0.30259 0.00000
0.49578 0.10419 0.50509 0.40318 0.00000 0.00000
0.00000 0.00000 0.00420 0.09998 0.00000 0.80149
0.00000 0.00000 0.00000 0.00000 0.39884 0.00000
