initial: 6
0.49864 0.50136 0.00000 0.00000 0.00000 0.00000

transition: 6
0.28214 0.45573 0.00935 0.25041 0.00009 0.00227
0.00501 0.50392 0.19866 0.00013 0.00002 0.29226
0.00489 0.00113 0.21345 0.77700 0.00028 0.00326
0.00033 0.00491 0.00651 0.25342 0.52937 0.20546
0.00000 0.00000 0.00000 0.00000 0.50098 0.49902
0.68060 0.00014 0.13242 0.18684 0.00000 0.00000

observation: 6
0.00011 0.29810 0.00706 0.10081 0.29836 0.09761
0.09015 0.39766 0.00006 0.09990 0.00000 0.09971
0.41156 0.19915 0.48313 0.29561 0.30275 0.00000
0.49817 0.10509 0.49639 0.40395 0.00000 0.00000
0.00000 0.00000 0.01336 0.09972 0.00000 0.80268
0.00000 0.00000 0.00000 0.00000 0.39889 0.00000
