initial: 6
0.72211 0.00000 0.09141 0.18648 0.00000 0.00000

transition: 6
0.29587 0.01479 0.50114 0.00160 0.00000 0.18660
0.20184 0.20307 0.59475 0.00030 0.00000 0.00003
0.00408 0.49820 0.19625 0.30129 0.00001 0.00017
0.00047 0.20253 0.00017 0.59726 0.00001 0.19956
0.10762 0.00001 0.00000 0.00000 0.50092 0.39145
0.00110 0.39371 0.00001 0.00000 0.30525 0.29993

observation: 6
0.69450 0.49597 0.30115 0.09970 0.00059 0.09723
0.00207 0.00221 0.40017 0.09922 0.10213 0.09699
0.30253 0.00048 0.20017 0.19591 0.09693 0.30265
0.00086 0.50131 0.09830 0.00000 0.00204 0.40399
0.00004 0.00002 0.00021 0.60518 0.00276 0.09914
0.00000 0.00000 0.00000 0.00000 0.79554 0.00000
