initial: 6
0.50709 0.49291 0.00000 0.00000 0.00000 0.00000

transition: 6
0.29143 0.50900 0.00662 0.19254 0.00002 0.00039
0.00061 0.50244 0.19857 0.00004 0.00001 0.29833
0.00232 0.00027 0.20250 0.78880 0.00005 0.00606
0.00016 0.00107 0.00434 0.28100 0.51362 0.19982
0.00000 0.00000 0.00000 0.00000 0.50086 0.49914
0.59845 0.00005 0.20668 0.19483 0.00000 0.00000

observation: 6
0.00019 0.29929 0.00162 0.09976 0.29887 0.09845
0.09999 0.39612 0.00002 0.10135 0.00000 0.10054
0.40425 0.20028 0.48971 0.29583 0.30238 0.00000
0.49556 0.10431 0.50691 0.40305 0.00000 0.00000
0.00000 0.00000 0.00174 0.10001 0.00000 0.80101
0.00000 0.00000 0.00000 0.00000 0.39875 0.00000
