initial: 6
0.72007 0.00000 0.09238 0.18756 0.00000 0.00000

transition: 6
0.30826 0.00426 0.48966 0.00118 0.00000 0.19664
0.00059 0.20556 0.78962 0.00424 0.00000 0.00000
0.00102 0.50290 0.19738 0.29869 0.00000 0.00002
0.00032 0.20216 0.00003 0.59700 0.00002 0.20047
0.10505 0.00001 0.00000 0.00000 0.50041 0.39453
0.00028 0.39604 0.00001 0.00000 0.30137 0.30231

observation: 6
0.99531 0.49719 0.29752 0.09762 0.00112 0.09813
0.00217 0.00096 0.40254 0.09967 0.10357 0.09708
0.00248 0.00343 0.20005 0.80269 0.09076 0.30966
0.00005 0.49842 0.09989 0.00003 0.00673 0.39569
0.00000 0.00000 0.00000 0.00000 0.00266 0.09944
0.00000 0.00000 0.00000 0.00000 0.79516 0.00000
