initial: 6
0.48809 0.51191 0.00000 0.00000 0.00000 0.00000

transition: 6
0.26701 0.41095 0.01606 0.30296 0.00077 0.00224
0.00898 0.50512 0.20261 0.00057 0.00031 0.28243
0.01191 0.00367 0.21571 0.76370 0.00139 0.00363
0.00076 0.00938 0.01029 0.24216 0.53256 0.20485
0.00000 0.00000 0.00000 0.00000 0.50105 0.49895
0.77423 0.00030 0.04300 0.18248 0.00000 0.00000

observation: 6
0.00020 0.29668 0.01086 0.10168 0.29838 0.09710
0.08014 0.40005 0.00089 0.09893 0.00000 0.09902
0.41994 0.19794 0.46778 0.29553 0.30272 0.00000
0.49972 0.10533 0.48102 0.40408 0.00000 0.00000
0.00000 0.00000 0.03944 0.09978 0.00001 0.80388
0.00000 0.00000 0.00000 0.00000 0.39890 0.00000
