initial: 6
0.00001 0.11468 0.08865 0.21007 0.00000 0.58659

transition: 6
0.20162 0.23490 0.56341 0.00005 0.00001 0.00001
0.06192 0.29407 0.46351 0.01664 0.00000 0.16386
0.49888 0.01057 0.18105 0.30948 0.00001 0.00001
0.20077 0.00208 0.00139 0.59838 0.00001 0.19736
0.00001 0.10555 0.00000 0.00000 0.50512 0.38933
0.39854 0.00032 0.00000 0.00000 0.30721 0.29393

observation: 6
0.49091 0.68293 0.28884 0.10040 0.00198 0.09672
0.00352 0.01269 0.41516 0.09816 0.10109 0.09580
0.00004 0.29253 0.19600 0.19622 0.09998 0.30222
0.50551 0.01181 0.09958 0.00000 0.00480 0.40340
0.00003 0.00004 0.00043 0.60521 0.00194 0.10186
0.00000 0.00000 0.00000 0.00000 0.79021 0.00000
