initial: 6
0.71965 0.00000 0.09252 0.18783 0.00000 0.00000

transition: 6
0.30873 0.00110 0.49345 0.00023 0.00000 0.19650
0.00101 0.20009 0.79789 0.00101 0.00000 0.00000
0.00040 0.49907 0.20159 0.29892 0.00000 0.00002
0.00006 0.20187 0.00003 0.59787 0.00002 0.20016
0.10507 0.00001 0.00000 0.00000 0.49647 0.39846
0.00014 0.39358 0.00001 0.00000 0.30000 0.30628

observation: 6
0.99536 0.49826 0.29795 0.09837 0.00021 0.09835
0.00225 0.00009 0.39990 0.09989 0.10345 0.09761
0.00237 0.00201 0.20059 0.80172 0.09030 0.30881
0.00002 0.49965 0.10156 0.00003 0.00319 0.39576
0.00000 0.00000 0.00000 0.00000 0.00181 0.09947
0.00000 0.00000 0.00000 0.00000 0.80104 0.00000
