initial: 6
0.71937 0.00000 0.09373 0.18690 0.00000 0.00000

transition: 6
0.29593 0.00918 0.50562 0.00070 0.00000 0.18857
0.19997 0.20074 0.59920 0.00006 0.00000 0.00003
0.00341 0.49628 0.20015 0.29999 0.00001 0.00015
0.00014 0.20228 0.00017 0.59763 0.00001 0.19977
0.10743 0.00001 0.00000 0.00000 0.49980 0.39276
0.00052 0.39351 0.00001 0.00000 0.30440 0.30157

observation: 6
0.69559 0.49716 0.30249 0.09990 0.00013 0.09763
0.00119 0.00102 0.39832 0.09964 0.10228 0.09727
0.30263 0.00021 0.20015 0.19611 0.09689 0.30225
0.00055 0.50159 0.09892 0.00000 0.00089 0.40392
0.00004 0.00002 0.00013 0.60434 0.00279 0.09893
0.00000 0.00000 0.00000 0.00000 0.79702 0.00000
