initial: 6
0.71966 0.00000 0.09251 0.18782 0.00000 0.00000

transition: 6
0.30870 0.00122 0.49329 0.00028 0.00000 0.19651
0.00096 0.20027 0.79761 0.00116 0.00000 0.00000
0.00045 0.49916 0.20148 0.29889 0.00000 0.00002
0.00006 0.20188 0.00003 0.59785 0.00002 0.20018
0.10507 0.00001 0.00000 0.00000 0.49669 0.39824
0.00014 0.39371 0.00001 0.00000 0.30007 0.30608

observation: 6
0.99537 0.49822 0.29795 0.09834 0.00026 0.09835
0.00224 0.00009 0.40000 0.09989 0.10345 0.09760
0.00238 0.00206 0.20055 0.80174 0.09034 0.30885
0.00002 0.49963 0.10150 0.00003 0.00339 0.39574
0.00000 0.00000 0.00000 0.00000 0.00186 0.09946
0.00000 0.00000 0.00000 0.00000 0.80070 0.00000
