initial: 6
0.50732 0.49268 0.00000 0.00000 0.00000 0.00000

transition: 6
0.29103 0.50847 0.00725 0.19237 0.00002 0.00086
0.00127 0.50207 0.19844 0.00004 0.00001 0.29818
0.00212 0.00027 0.20360 0.78849 0.00005 0.00547
0.00016 0.00154 0.00440 0.27895 0.51481 0.20013
0.00000 0.00000 0.00000 0.00000 0.50087 0.49913
0.59910 0.00005 0.20674 0.19412 0.00000 0.00000

observation: 6
0.00008 0.29938 0.00212 0.09988 0.29879 0.09837
0.09999 0.39615 0.00002 0.10138 0.00000 0.10052
0.40432 0.20024 0.48906 0.29570 0.30243 0.00000
0.49560 0.10423 0.50650 0.40305 0.00000 0.00000
0.00000 0.00000 0.00230 0.10000 0.00000 0.80111
0.00000 0.00000 0.00000 0.00000 0.39878 0.00000
