initial: 6
0.71849 0.00000 0.09449 0.18702 0.00000 0.00000

transition: 6
0.29599 0.00729 0.50709 0.00040 0.00000 0.18923
0.19927 0.20026 0.60038 0.00006 0.00000 0.00003
0.00317 0.49588 0.20122 0.29957 0.00001 0.00015
0.00010 0.20220 0.00017 0.59771 0.00001 0.19980
0.10735 0.00001 0.00000 0.00000 0.49944 0.39320
0.00029 0.39350 0.00001 0.00000 0.30418 0.30202

observation: 6
0.69597 0.49750 0.30288 0.09992 0.00007 0.09769
0.00089 0.00066 0.39783 0.09979 0.10234 0.09734
0.30262 0.00020 0.20019 0.19616 0.09687 0.30214
0.00049 0.50163 0.09898 0.00000 0.00044 0.40398
0.00004 0.00002 0.00013 0.60412 0.00279 0.09884
0.00000 0.00000 0.00000 0.00000 0.79749 0.00000
