initial: 6
0.00001 0.10429 0.09633 0.21041 0.00000 0.58896

transition: 6
0.20234 0.20512 0.59248 0.00005 0.00001 0.00001
0.01557 0.28716 0.50987 0.00064 0.00000 0.18676
0.49542 0.00655 0.19567 0.30234 0.00001 0.00001
0.20078 0.00036 0.00096 0.59883 0.00001 0.19906
0.00001 0.10242 0.00000 0.00000 0.50162 0.39596
0.39719 0.00009 0.00000 0.00000 0.30318 0.29955

observation: 6
0.49435 0.69791 0.30186 0.10020 0.00003 0.09891
0.00189 0.00224 0.40013 0.09954 0.10257 0.09588
0.00004 0.29848 0.19976 0.19636 0.09778 0.30158
0.50369 0.00134 0.09810 0.00000 0.00249 0.40264
0.00003 0.00004 0.00016 0.60390 0.00194 0.10100
0.00000 0.00000 0.00000 0.00000 0.79520 0.00000
