initial: 6
0.71977 0.00000 0.09249 0.18775 0.00000 0.00000

transition: 6
0.30846 0.00249 0.49173 0.00072 0.00000 0.19660
0.00071 0.20231 0.79440 0.00257 0.00000 0.00000
0.00074 0.50068 0.19986 0.29870 0.00000 0.00002
0.00013 0.20199 0.00003 0.59749 0.00002 0.20035
0.10505 0.00001 0.00000 0.00000 0.49857 0.39637
0.00016 0.39489 0.00001 0.00000 0.30069 0.30424

observation: 6
0.99539 0.49776 0.29790 0.09806 0.00066 0.09830
0.00219 0.00043 0.40104 0.09979 0.10350 0.09738
0.00240 0.00271 0.20018 0.80213 0.09060 0.30922
0.00002 0.49911 0.10089 0.00003 0.00510 0.39567
0.00000 0.00000 0.00000 0.00000 0.00226 0.09943
0.00000 0.00000 0.00000 0.00000 0.79788 0.00000
