initial: 6
0.72025 0.00000 0.09297 0.18678 0.00000 0.00000

transition: 6
0.29589 0.01101 0.50417 0.00098 0.00000 0.18795
0.20060 0.20138 0.59788 0.00011 0.00000 0.00003
0.00364 0.49683 0.19895 0.30042 0.00001 0.00015
0.00025 0.20235 0.00017 0.59751 0.00001 0.19971
0.10750 0.00001 0.00000 0.00000 0.50018 0.39232
0.00072 0.39356 0.00001 0.00000 0.30466 0.30106

observation: 6
0.69525 0.49676 0.30209 0.09985 0.00026 0.09752
0.00147 0.00140 0.39888 0.09950 0.10223 0.09719
0.30259 0.00032 0.20012 0.19603 0.09692 0.30236
0.00066 0.50150 0.09877 0.00000 0.00129 0.40393
0.00004 0.00002 0.00013 0.60462 0.00277 0.09901
0.00000 0.00000 0.00000 0.00000 0.79653 0.00000
