initial: 6
0.71844 0.00000 0.09452 0.18703 0.00000 0.00000

transition: 6
0.29600 0.00719 0.50716 0.00038 0.00000 0.18926
0.19924 0.20024 0.60043 0.00006 0.00000 0.00003
0.00315 0.49586 0.20128 0.29955 0.00001 0.00015
0.00010 0.20220 0.00017 0.59772 0.00001 0.19981
0.10735 0.00001 0.00000 0.00000 0.49943 0.39322
0.00027 0.39351 0.00001 0.00000 0.30417 0.30204

observation: 6
0.69599 0.49752 0.30290 0.09992 0.00007 0.09769
0.00087 0.00064 0.39780 0.09980 0.10234 0.09735
0.30262 0.00020 0.20019 0.19617 0.09687 0.30213
0.00049 0.50163 0.09898 0.00000 0.00042 0.40399
0.00004 0.00002 0.00013 0.60411 0.00279 0.09884
0.00000 0.00000 0.00000 0.00000 0.79751 0.00000
