initial: 6
0.00001 0.10515 0.09575 0.21034 0.00000 0.58874

transition: 6
0.20237 0.20732 0.59024 0.00005 0.00001 0.00001
0.02042 0.28725 0.50607 0.00136 0.00000 0.18491
0.49548 0.00700 0.19442 0.30307 0.00001 0.00001
0.20074 0.00056 0.00105 0.59873 0.00001 0.19890
0.00001 0.10279 0.00000 0.00000 0.50201 0.39520
0.39736 0.00009 0.00000 0.00000 0.30358 0.29898

observation: 6
0.49399 0.69649 0.30099 0.10019 0.00011 0.09873
0.00209 0.00308 0.40124 0.09934 0.10242 0.09589
0.00004 0.29820 0.19947 0.19632 0.09801 0.30159
0.50384 0.00219 0.09814 0.00000 0.00286 0.40267
0.00003 0.00004 0.00016 0.60414 0.00194 0.10112
0.00000 0.00000 0.00000 0.00000 0.79465 0.00000
