initial: 6
0.50723 0.49277 0.00000 0.00000 0.00000 0.00000

transition: 6
0.29118 0.50870 0.00705 0.19238 0.00002 0.00068
0.00102 0.50220 0.19848 0.00004 0.00001 0.29825
0.00212 0.00027 0.20313 0.78873 0.00005 0.00570
0.00016 0.00138 0.00434 0.27996 0.51420 0.19997
0.00000 0.00000 0.00000 0.00000 0.50086 0.49914
0.59874 0.00005 0.20676 0.19445 0.00000 0.00000

observation: 6
0.00008 0.29936 0.00195 0.09984 0.29882 0.09841
0.10000 0.39615 0.00002 0.10137 0.00000 0.10054
0.40431 0.20024 0.48933 0.29576 0.30241 0.00000
0.49561 0.10424 0.50665 0.40304 0.00000 0.00000
0.00000 0.00000 0.00204 0.10000 0.00000 0.80106
0.00000 0.00000 0.00000 0.00000 0.39877 0.00000
