initial: 6
0.00001 0.10583 0.09529 0.21030 0.00000 0.58856

transition: 6
0.20243 0.20906 0.58844 0.00005 0.00001 0.00001
0.02403 0.28740 0.50309 0.00204 0.00000 0.18344
0.49559 0.00733 0.19344 0.30361 0.00001 0.00001
0.20072 0.00071 0.00110 0.59868 0.00001 0.19878
0.00001 0.10306 0.00000 0.00000 0.50229 0.39465
0.39749 0.00009 0.00000 0.00000 0.30388 0.29854

observation: 6
0.49374 0.69542 0.30027 0.10019 0.00021 0.09858
0.00224 0.00374 0.40214 0.09922 0.10231 0.09589
0.00004 0.29795 0.19926 0.19629 0.09818 0.30162
0.50396 0.00286 0.09816 0.00000 0.00310 0.40271
0.00003 0.00004 0.00017 0.60430 0.00194 0.10120
0.00000 0.00000 0.00000 0.00000 0.79426 0.00000
