initial: 6
0.50714 0.49286 0.00000 0.00000 0.00000 0.00000

transition: 6
0.29133 0.50890 0.00682 0.19245 0.00002 0.00049
0.00078 0.50234 0.19852 0.00004 0.00001 0.29831
0.00222 0.00027 0.20270 0.78885 0.00005 0.00592
0.00016 0.00117 0.00434 0.28063 0.51382 0.19988
0.00000 0.00000 0.00000 0.00000 0.50086 0.49914
0.59854 0.00005 0.20671 0.19470 0.00000 0.00000

observation: 6
0.00016 0.29932 0.00176 0.09977 0.29886 0.09843
0.09999 0.39614 0.00002 0.10136 0.00000 0.10054
0.40427 0.20026 0.48958 0.29581 0.30239 0.00000
0.49558 0.10428 0.50681 0.40305 0.00000 0.00000
0.00000 0.00000 0.00184 0.10001 0.00000 0.80103
0.00000 0.00000 0.00000 0.00000 0.39875 0.00000
