initial: 6
0.00001 0.10442 0.09624 0.21040 0.00000 0.58893

transition: 6
0.20235 0.20546 0.59212 0.00005 0.00001 0.00001
0.01636 0.28716 0.50927 0.00074 0.00000 0.18646
0.49543 0.00663 0.19547 0.30246 0.00001 0.00001
0.20077 0.00040 0.00097 0.59881 0.00001 0.19904
0.00001 0.10248 0.00000 0.00000 0.50168 0.39584
0.39721 0.00009 0.00000 0.00000 0.30324 0.29946

observation: 6
0.49429 0.69768 0.30173 0.10020 0.00004 0.09888
0.00193 0.00237 0.40030 0.09950 0.10255 0.09588
0.00004 0.29844 0.19971 0.19635 0.09782 0.30158
0.50371 0.00147 0.09810 0.00000 0.00255 0.40264
0.00003 0.00004 0.00016 0.60395 0.00194 0.10102
0.00000 0.00000 0.00000 0.00000 0.79511 0.00000
