initial: 6
0.73417 0.00000 0.08117 0.18466 0.00000 0.00000

transition: 6
0.29728 0.03849 0.48129 0.00546 0.00000 0.17748
0.20986 0.21948 0.56789 0.00275 0.00000 0.00003
0.00632 0.51188 0.17210 0.30919 0.00001 0.00050
0.00179 0.20455 0.00022 0.59533 0.00001 0.19811
0.10812 0.00001 0.00000 0.00000 0.50478 0.38709
0.00359 0.39431 0.00001 0.00000 0.30901 0.29308

observation: 6
0.68907 0.49052 0.29336 0.09855 0.00260 0.09553
0.00660 0.00904 0.41095 0.09736 0.10209 0.09480
0.30195 0.00149 0.20163 0.19542 0.09654 0.30494
0.00235 0.49893 0.09325 0.00000 0.00548 0.40493
0.00004 0.00002 0.00080 0.60867 0.00271 0.09980
0.00000 0.00000 0.00000 0.00000 0.79057 0.00000
