initial: 6
0.72017 0.00000 0.09233 0.18750 0.00000 0.00000

transition: 6
0.30822 0.00475 0.48910 0.00128 0.00000 0.19665
0.00057 0.20652 0.78824 0.00466 0.00000 0.00000
0.00108 0.50353 0.19665 0.29873 0.00000 0.00002
0.00038 0.20222 0.00003 0.59687 0.00002 0.20049
0.10505 0.00001 0.00000 0.00000 0.50085 0.39410
0.00030 0.39631 0.00001 0.00000 0.30154 0.30185

observation: 6
0.99526 0.49705 0.29738 0.09750 0.00124 0.09808
0.00217 0.00111 0.40297 0.09963 0.10359 0.09700
0.00250 0.00361 0.20007 0.80283 0.09079 0.30977
0.00007 0.49823 0.09959 0.00003 0.00710 0.39570
0.00000 0.00000 0.00000 0.00000 0.00275 0.09944
0.00000 0.00000 0.00000 0.00000 0.79453 0.00000
