initial: 6
0.71990 0.00000 0.09246 0.18763 0.00000 0.00000

transition: 6
0.30832 0.00350 0.49055 0.00100 0.00000 0.19663
0.00063 0.20409 0.79173 0.00354 0.00000 0.00000
0.00090 0.50192 0.19849 0.29867 0.00000 0.00002
0.00023 0.20209 0.00003 0.59721 0.00002 0.20042
0.10505 0.00001 0.00000 0.00000 0.49967 0.39528
0.00024 0.39556 0.00001 0.00000 0.30109 0.30310

observation: 6
0.99537 0.49743 0.29771 0.09781 0.00093 0.09821
0.00217 0.00072 0.40188 0.09972 0.10354 0.09721
0.00244 0.00313 0.20007 0.80244 0.09070 0.30947
0.00002 0.49872 0.10034 0.00003 0.00607 0.39568
0.00000 0.00000 0.00000 0.00000 0.00250 0.09943
0.00000 0.00000 0.00000 0.00000 0.79625 0.00000
