initial: 6
0.50727 0.49273 0.00000 0.00000 0.00000 0.00000

transition: 6
0.29109 0.50859 0.00717 0.19237 0.00002 0.00078
0.00117 0.50213 0.19845 0.00004 0.00001 0.29821
0.00212 0.00027 0.20338 0.78862 0.00005 0.00556
0.00016 0.00148 0.00437 0.27940 0.51453 0.20006
0.00000 0.00000 0.00000 0.00000 0.50086 0.49914
0.59892 0.00005 0.20676 0.19427 0.00000 0.00000

observation: 6
0.00008 0.29937 0.00205 0.09986 0.29880 0.09839
0.09999 0.39615 0.00002 0.10137 0.00000 0.10053
0.40431 0.20024 0.48918 0.29573 0.30242 0.00000
0.49561 0.10424 0.50657 0.40304 0.00000 0.00000
0.00000 0.00000 0.00219 0.10000 0.00000 0.80109
0.00000 0.00000 0.00000 0.00000 0.39878 0.00000
