initial: 6
0.00001 0.13445 0.07275 0.20961 0.00000 0.58318

transition: 6
0.19291 0.31414 0.49289 0.00005 0.00001 0.00001
0.12128 0.32524 0.37143 0.05915 0.00000 0.12290
0.51168 0.01655 0.15122 0.32053 0.00001 0.00001
0.20037 0.00509 0.00202 0.59765 0.00001 0.19487
0.00001 0.10866 0.00000 0.00000 0.51067 0.38066
0.40028 0.00104 0.00000 0.00000 0.31355 0.28513

observation: 6
0.48470 0.65530 0.25023 0.10104 0.00568 0.09466
0.00525 0.03498 0.45638 0.09674 0.09922 0.09456
0.00005 0.27102 0.18776 0.19609 0.10348 0.30504
0.50997 0.03866 0.10462 0.00000 0.00768 0.40291
0.00003 0.00004 0.00101 0.60613 0.00205 0.10282
0.00000 0.00000 0.00000 0.00000 0.78189 0.00000
