initial: 6
0.50703 0.49297 0.00000 0.00000 0.00000 0.00000

transition: 6
0.29149 0.50911 0.00648 0.19264 0.00002 0.00026
0.00048 0.50251 0.19861 0.00004 0.00001 0.29836
0.00245 0.00027 0.20224 0.78880 0.00005 0.00619
0.00016 0.00094 0.00434 0.28142 0.51336 0.19978
0.00000 0.00000 0.00000 0.00000 0.50086 0.49914
0.59831 0.00005 0.20665 0.19499 0.00000 0.00000

observation: 6
0.00022 0.29928 0.00149 0.09975 0.29889 0.09847
0.09999 0.39612 0.00002 0.10134 0.00000 0.10054
0.40424 0.20028 0.48986 0.29586 0.30237 0.00000
0.49555 0.10432 0.50700 0.40305 0.00000 0.00000
0.00000 0.00000 0.00163 0.10000 0.00000 0.80099
0.00000 0.00000 0.00000 0.00000 0.39874 0.00000
