initial: 6
0.02810 0.13746 0.08813 0.18548 0.00000 0.56083

transition: 6
0.18768 0.52811 0.26748 0.00095 0.00589 0.00988
0.14433 0.47197 0.27515 0.06668 0.00004 0.04183
0.54356 0.04961 0.01936 0.37109 0.00366 0.01272
0.18486 0.03520 0.04879 0.54690 0.00242 0.18181
0.02580 0.09285 0.00002 0.00001 0.54706 0.33426
0.38491 0.03106 0.00008 0.00000 0.36124 0.22271

observation: 6
0.42058 0.56624 0.16321 0.08671 0.01562 0.09157
0.01483 0.12060 0.52819 0.05783 0.09875 0.07779
0.02233 0.16525 0.25230 0.17722 0.11258 0.34202
0.54141 0.14752 0.01772 0.00007 0.03520 0.38403
0.00085 0.00039 0.03858 0.67818 0.00945 0.10459
0.00000 0.00000 0.00000 0.00000 0.72840 0.00001
