initial: 6
0.71969 0.00000 0.09251 0.18781 0.00000 0.00000

transition: 6
0.30863 0.00152 0.49294 0.00037 0.00000 0.19654
0.00087 0.20072 0.79691 0.00150 0.00000 0.00000
0.00054 0.49951 0.20110 0.29883 0.00000 0.00002
0.00006 0.20191 0.00003 0.59776 0.00002 0.20023
0.10506 0.00001 0.00000 0.00000 0.49718 0.39775
0.00014 0.39402 0.00001 0.00000 0.30023 0.30561

observation: 6
0.99537 0.49810 0.29797 0.09829 0.00035 0.09836
0.00223 0.00018 0.40023 0.09986 0.10346 0.09754
0.00239 0.00223 0.20043 0.80183 0.09042 0.30894
0.00002 0.49949 0.10137 0.00003 0.00386 0.39570
0.00000 0.00000 0.00000 0.00000 0.00195 0.09946
0.00000 0.00000 0.00000 0.00000 0.79996 0.00000
