initial: 6
0.50714 0.49286 0.00000 0.00000 0.00000 0.00000

transition: 6
0.29135 0.50891 0.00680 0.19245 0.00002 0.00048
0.00076 0.50236 0.19853 0.00004 0.00001 0.29831
0.00223 0.00027 0.20268 0.78884 0.00005 0.00594
0.00016 0.00116 0.00434 0.28067 0.51381 0.19987
0.00000 0.00000 0.00000 0.00000 0.50086 0.49914
0.59854 0.00005 0.20670 0.19471 0.00000 0.00000

observation: 6
0.00017 0.29932 0.00174 0.09977 0.29886 0.09843
0.09999 0.39613 0.00002 0.10136 0.00000 0.10054
0.40427 0.20026 0.48959 0.29581 0.30239 0.00000
0.49558 0.10429 0.50682 0.40305 0.00000 0.00000
0.00000 0.00000 0.00183 0.10001 0.00000 0.80102
0.00000 0.00000 0.00000 0.00000 0.39875 0.00000
