initial: 6
0.00001 0.10406 0.09649 0.21043 0.00000 0.58901

transition: 6
0.20231 0.20454 0.59308 0.00005 0.00001 0.00001
0.01419 0.28718 0.51091 0.00048 0.00000 0.18724
0.49541 0.00643 0.19600 0.30214 0.00001 0.00001
0.20078 0.00032 0.00096 0.59884 0.00001 0.19910
0.00001 0.10231 0.00000 0.00000 0.50152 0.39616
0.39714 0.00009 0.00000 0.00000 0.30307 0.29970

observation: 6
0.49444 0.69829 0.30210 0.10020 0.00003 0.09894
0.00185 0.00202 0.39983 0.09958 0.10261 0.09587
0.00004 0.29854 0.19983 0.19637 0.09772 0.30158
0.50365 0.00112 0.09810 0.00000 0.00237 0.40264
0.00003 0.00004 0.00015 0.60385 0.00194 0.10096
0.00000 0.00000 0.00000 0.00000 0.79534 0.00000
