initial: 6
0.49289 0.50711 0.00000 0.00000 0.00000 0.00000

transition: 6
0.27596 0.43156 0.01138 0.27862 0.00024 0.00224
0.00632 0.50527 0.19983 0.00024 0.00007 0.28828
0.00691 0.00183 0.21576 0.77172 0.00054 0.00323
0.00046 0.00646 0.00768 0.24756 0.53185 0.20600
0.00000 0.00000 0.00000 0.00000 0.50095 0.49905
0.72720 0.00020 0.08768 0.18492 0.00000 0.00000

observation: 6
0.00015 0.29716 0.00888 0.10131 0.29833 0.09740
0.08491 0.39852 0.00020 0.09938 0.00000 0.09942
0.41586 0.19870 0.47781 0.29578 0.30272 0.00000
0.49908 0.10561 0.49031 0.40397 0.00000 0.00000
0.00000 0.00000 0.02280 0.09956 0.00000 0.80317
0.00000 0.00000 0.00000 0.00000 0.39895 0.00000
