initial: 6
0.72040 0.00000 0.09219 0.18740 0.00000 0.00000

transition: 6
0.30818 0.00566 0.48805 0.00146 0.00000 0.19664
0.00057 0.20838 0.78563 0.00542 0.00000 0.00000
0.00119 0.50469 0.19529 0.29882 0.00000 0.00002
0.00049 0.20232 0.00003 0.59663 0.00002 0.20052
0.10506 0.00001 0.00000 0.00000 0.50159 0.39334
0.00035 0.39678 0.00001 0.00000 0.30184 0.30102

observation: 6
0.99514 0.49679 0.29707 0.09727 0.00144 0.09798
0.00218 0.00140 0.40378 0.09958 0.10362 0.09686
0.00256 0.00393 0.20015 0.80312 0.09083 0.30998
0.00012 0.49789 0.09900 0.00003 0.00776 0.39572
0.00000 0.00000 0.00000 0.00000 0.00290 0.09946
0.00000 0.00000 0.00000 0.00000 0.79344 0.00000
