initial: 6
0.00001 0.11661 0.08711 0.21003 0.00000 0.58624

transition: 6
0.20118 0.24132 0.55743 0.00005 0.00001 0.00001
0.06899 0.29622 0.45459 0.02061 0.00000 0.15960
0.49985 0.01119 0.17833 0.31061 0.00001 0.00001
0.20079 0.00234 0.00145 0.59833 0.00001 0.19708
0.00001 0.10595 0.00000 0.00000 0.50565 0.38839
0.39872 0.00037 0.00000 0.00000 0.30785 0.29306

observation: 6
0.49034 0.68035 0.28585 0.10047 0.00236 0.09640
0.00372 0.01471 0.41843 0.09799 0.10087 0.09575
0.00004 0.29098 0.19520 0.19622 0.10033 0.30241
0.50587 0.01391 0.10005 0.00000 0.00507 0.40348
0.00003 0.00004 0.00047 0.60531 0.00194 0.10197
0.00000 0.00000 0.00000 0.00000 0.78943 0.00000
