initial: 6
0.00001 0.10540 0.09559 0.21033 0.00000 0.58868

transition: 6
0.20239 0.20795 0.58960 0.00005 0.00001 0.00001
0.02174 0.28729 0.50499 0.00159 0.00000 0.18438
0.49551 0.00712 0.19407 0.30327 0.00001 0.00001
0.20073 0.00062 0.00107 0.59871 0.00001 0.19886
0.00001 0.10289 0.00000 0.00000 0.50212 0.39499
0.39741 0.00009 0.00000 0.00000 0.30369 0.29882

observation: 6
0.49390 0.69610 0.30074 0.10019 0.00015 0.09867
0.00215 0.00332 0.40156 0.09929 0.10238 0.09589
0.00004 0.29811 0.19939 0.19631 0.09808 0.30160
0.50389 0.00244 0.09815 0.00000 0.00295 0.40268
0.00003 0.00004 0.00016 0.60421 0.00194 0.10115
0.00000 0.00000 0.00000 0.00000 0.79450 0.00000
