initial: 6
0.50872 0.17500 0.15700 0.13874 0.01249 0.00805

transition: 6
0.29647 0.31344 0.10264 0.09655 0.09815 0.09274
0.09467 0.29972 0.31113 0.09633 0.10080 0.09735
0.10753 0.10095 0.30420 0.31352 0.08973 0.08407
0.10746 0.10563 0.10104 0.30850 0.28918 0.08818
0.07805 0.08228 0.08671 0.08467 0.34778 0.32051
0.26538 0.08735 0.09457 0.09670 0.12134 0.33467

observation: 6
0.19015 0.24954 0.10287 0.10261 0.13613 0.10674
0.17688 0.19178 0.17568 0.13899 0.04109 0.03900
0.26685 0.22989 0.25538 0.29693 0.26744 0.25209
0.25560 0.18052 0.23362 0.29024 0.19233 0.19531
0.08939 0.11843 0.21062 0.14235 0.17059 0.25909
0.02113 0.02984 0.02184 0.02888 0.19241 0.14778
