initial: 6
0.00001 0.10553 0.09550 0.21032 0.00000 0.58864

transition: 6
0.20240 0.20829 0.58924 0.00005 0.00001 0.00001
0.02246 0.28732 0.50440 0.00173 0.00000 0.18409
0.49553 0.00719 0.19388 0.30338 0.00001 0.00001
0.20073 0.00065 0.00108 0.59870 0.00001 0.19883
0.00001 0.10294 0.00000 0.00000 0.50217 0.39488
0.39743 0.00009 0.00000 0.00000 0.30375 0.29874

observation: 6
0.49385 0.69589 0.30060 0.10019 0.00017 0.09864
0.00218 0.00345 0.40174 0.09927 0.10236 0.09589
0.00004 0.29806 0.19935 0.19630 0.09811 0.30160
0.50391 0.00257 0.09816 0.00000 0.00300 0.40269
0.00003 0.00004 0.00016 0.60424 0.00194 0.10117
0.00000 0.00000 0.00000 0.00000 0.79442 0.00000
