initial: 6
0.00001 0.11302 0.08995 0.21010 0.00000 0.58691

transition: 6
0.20194 0.22963 0.56837 0.00005 0.00001 0.00001
0.05563 0.29238 0.47107 0.01339 0.00000 0.16753
0.49811 0.01003 0.18336 0.30848 0.00001 0.00001
0.20076 0.00185 0.00135 0.59842 0.00001 0.19761
0.00001 0.10518 0.00000 0.00000 0.50466 0.39016
0.39838 0.00028 0.00000 0.00000 0.30665 0.29469

observation: 6
0.49140 0.68514 0.29125 0.10035 0.00165 0.09701
0.00333 0.01098 0.41250 0.09832 0.10129 0.09584
0.00004 0.29376 0.19666 0.19622 0.09967 0.30208
0.50521 0.01008 0.09921 0.00000 0.00456 0.40331
0.00003 0.00004 0.00039 0.60511 0.00194 0.10177
0.00000 0.00000 0.00000 0.00000 0.79088 0.00000
