initial: 6
0.76791 0.00000 0.05488 0.17721 0.00000 0.00000

transition: 6
0.30103 0.12847 0.40911 0.01057 0.00001 0.15080
0.22443 0.32509 0.42773 0.02269 0.00000 0.00006
0.01776 0.59104 0.03079 0.35519 0.00039 0.00483
0.01213 0.20380 0.00437 0.58220 0.00020 0.19729
0.10721 0.00008 0.00000 0.00000 0.52789 0.36482
0.02578 0.39362 0.00001 0.00000 0.32208 0.25851

observation: 6
0.67136 0.46152 0.25650 0.08906 0.00843 0.09397
0.02079 0.05083 0.46551 0.09078 0.10722 0.07870
0.29916 0.00658 0.22277 0.19299 0.10425 0.30614
0.00821 0.48089 0.04680 0.00000 0.01573 0.41994
0.00048 0.00018 0.00843 0.62717 0.00559 0.10125
0.00000 0.00000 0.00000 0.00000 0.75878 0.00000
