initial: 6
0.50726 0.49274 0.00000 0.00000 0.00000 0.00000

transition: 6
0.29111 0.50861 0.00714 0.19236 0.00002 0.00076
0.00114 0.50214 0.19846 0.00004 0.00001 0.29822
0.00212 0.00027 0.20332 0.78866 0.00005 0.00559
0.00016 0.00146 0.00436 0.27952 0.51446 0.20004
0.00000 0.00000 0.00000 0.00000 0.50086 0.49914
0.59888 0.00005 0.20676 0.19431 0.00000 0.00000

observation: 6
0.00008 0.29937 0.00203 0.09985 0.29881 0.09839
0.09999 0.39615 0.00002 0.10137 0.00000 0.10053
0.40431 0.20024 0.48921 0.29573 0.30242 0.00000
0.49561 0.10424 0.50658 0.40304 0.00000 0.00000
0.00000 0.00000 0.00216 0.10000 0.00000 0.80108
0.00000 0.00000 0.00000 0.00000 0.39878 0.00000
