initial: 6
0.74561 0.00000 0.07143 0.18295 0.00000 0.00000

transition: 6
0.29991 0.06186 0.46187 0.00824 0.00000 0.16811
0.21808 0.24262 0.53272 0.00656 0.00000 0.00003
0.00858 0.53273 0.13643 0.32126 0.00003 0.00098
0.00327 0.20696 0.00042 0.59290 0.00001 0.19644
0.10822 0.00001 0.00000 0.00000 0.50916 0.38261
0.00683 0.39478 0.00001 0.00000 0.31302 0.28536

observation: 6
0.68302 0.48322 0.28366 0.09718 0.00425 0.09456
0.01182 0.01915 0.42462 0.09539 0.10306 0.09094
0.30122 0.00262 0.20459 0.19516 0.09654 0.30717
0.00386 0.49500 0.08542 0.00000 0.00830 0.40700
0.00008 0.00002 0.00171 0.61227 0.00306 0.10032
0.00000 0.00000 0.00000 0.00000 0.78479 0.00000
