initial: 6
0.00001 0.10466 0.09609 0.21038 0.00000 0.58887

transition: 6
0.20236 0.20606 0.59152 0.00005 0.00001 0.00001
0.01769 0.28719 0.50823 0.00093 0.00000 0.18596
0.49545 0.00675 0.19513 0.30266 0.00001 0.00001
0.20075 0.00046 0.00100 0.59878 0.00001 0.19900
0.00001 0.10258 0.00000 0.00000 0.50180 0.39561
0.39727 0.00009 0.00000 0.00000 0.30336 0.29929

observation: 6
0.49419 0.69730 0.30150 0.10019 0.00006 0.09883
0.00199 0.00260 0.40060 0.09945 0.10251 0.09588
0.00004 0.29837 0.19964 0.19634 0.09788 0.30158
0.50375 0.00170 0.09811 0.00000 0.00266 0.40265
0.00003 0.00004 0.00016 0.60402 0.00194 0.10105
0.00000 0.00000 0.00000 0.00000 0.79495 0.00000
