initial: 6
0.71998 0.00000 0.09242 0.18760 0.00000 0.00000

transition: 6
0.30829 0.00385 0.49014 0.00108 0.00000 0.19664
0.00061 0.20476 0.79076 0.00387 0.00000 0.00000
0.00096 0.50237 0.19798 0.29867 0.00000 0.00002
0.00027 0.20213 0.00003 0.59711 0.00002 0.20045
0.10505 0.00001 0.00000 0.00000 0.50003 0.39492
0.00026 0.39579 0.00001 0.00000 0.30122 0.30272

observation: 6
0.99534 0.49732 0.29762 0.09772 0.00102 0.09818
0.00217 0.00083 0.40219 0.09969 0.10355 0.09715
0.00246 0.00327 0.20005 0.80256 0.09073 0.30956
0.00003 0.49858 0.10014 0.00003 0.00638 0.39568
0.00000 0.00000 0.00000 0.00000 0.00258 0.09943
0.00000 0.00000 0.00000 0.00000 0.79573 0.00000
