initial: 6
0.50716 0.49284 0.00000 0.00000 0.00000 0.00000

transition: 6
0.29128 0.50884 0.00690 0.19242 0.00002 0.00054
0.00086 0.50230 0.19851 0.00004 0.00001 0.29829
0.00218 0.00027 0.20282 0.78885 0.00005 0.00584
0.00016 0.00124 0.00434 0.28046 0.51390 0.19990
0.00000 0.00000 0.00000 0.00000 0.50086 0.49914
0.59858 0.00005 0.20673 0.19464 0.00000 0.00000

observation: 6
0.00012 0.29933 0.00184 0.09980 0.29885 0.09842
0.09999 0.39615 0.00002 0.10136 0.00000 0.10054
0.40429 0.20025 0.48949 0.29580 0.30239 0.00000
0.49560 0.10427 0.50674 0.40304 0.00000 0.00000
0.00000 0.00000 0.00190 0.10000 0.00000 0.80103
0.00000 0.00000 0.00000 0.00000 0.39876 0.00000
