initial: 6
0.00001 0.10435 0.09629 0.21040 0.00000 0.58894

transition: 6
0.20234 0.20528 0.59230 0.00005 0.00001 0.00001
0.01596 0.28716 0.50958 0.00069 0.00000 0.18662
0.49542 0.00659 0.19557 0.30240 0.00001 0.00001
0.20077 0.00038 0.00096 0.59882 0.00001 0.19905
0.00001 0.10244 0.00000 0.00000 0.50165 0.39590
0.39720 0.00009 0.00000 0.00000 0.30321 0.29950

observation: 6
0.49432 0.69780 0.30180 0.10020 0.00003 0.09889
0.00191 0.00230 0.40021 0.09952 0.10256 0.09588
0.00004 0.29846 0.19974 0.19636 0.09780 0.30158
0.50370 0.00140 0.09810 0.00000 0.00252 0.40264
0.00003 0.00004 0.00016 0.60393 0.00194 0.10101
0.00000 0.00000 0.00000 0.00000 0.79515 0.00000
