initial: 6
0.71840 0.00000 0.09456 0.18704 0.00000 0.00000

transition: 6
0.29601 0.00709 0.50724 0.00036 0.00000 0.18930
0.19920 0.20022 0.60049 0.00006 0.00000 0.00003
0.00313 0.49585 0.20134 0.29953 0.00001 0.00015
0.00010 0.20219 0.00017 0.59772 0.00001 0.19981
0.10734 0.00001 0.00000 0.00000 0.49942 0.39323
0.00025 0.39352 0.00001 0.00000 0.30416 0.30205

observation: 6
0.69601 0.49754 0.30292 0.09993 0.00007 0.09769
0.00085 0.00062 0.39778 0.09980 0.10234 0.09735
0.30262 0.00020 0.20020 0.19617 0.09688 0.30213
0.00049 0.50163 0.09898 0.00000 0.00040 0.40399
0.00004 0.00002 0.00013 0.60410 0.00279 0.09884
0.00000 0.00000 0.00000 0.00000 0.79752 0.00000
