initial: 6
0.82655 0.00000 0.02204 0.15141 0.00000 0.00000

transition: 6
0.24163 0.29908 0.33911 0.06067 0.00252 0.05699
0.10434 0.52713 0.33913 0.02933 0.00000 0.00007
0.18076 0.42834 0.01315 0.34778 0.00025 0.02972
0.08169 0.05474 0.01293 0.55573 0.02048 0.27444
0.10921 0.00091 0.00000 0.00002 0.67335 0.21650
0.13676 0.45075 0.02171 0.00003 0.28219 0.10856

observation: 6
0.91080 0.32617 0.15673 0.05658 0.03178 0.08497
0.02772 0.12853 0.52261 0.05424 0.12079 0.03459
0.04506 0.08813 0.29652 0.88243 0.14984 0.26458
0.01642 0.45718 0.02414 0.00676 0.08223 0.52980
0.00000 0.00000 0.00000 0.00000 0.03588 0.08605
0.00000 0.00000 0.00000 0.00000 0.57948 0.00002
