initial: 6
0.71972 0.00000 0.09249 0.18779 0.00000 0.00000

transition: 6
0.30858 0.00184 0.49250 0.00051 0.00000 0.19656
0.00080 0.20123 0.79609 0.00188 0.00000 0.00000
0.00061 0.49989 0.20072 0.29877 0.00000 0.00002
0.00006 0.20194 0.00003 0.59768 0.00002 0.20028
0.10506 0.00001 0.00000 0.00000 0.49770 0.39723
0.00014 0.39435 0.00001 0.00000 0.30040 0.30511

observation: 6
0.99537 0.49799 0.29796 0.09823 0.00046 0.09835
0.00222 0.00025 0.40050 0.09984 0.10347 0.09749
0.00240 0.00240 0.20032 0.80191 0.09050 0.30903
0.00002 0.49936 0.10122 0.00003 0.00432 0.39569
0.00000 0.00000 0.00000 0.00000 0.00208 0.09944
0.00000 0.00000 0.00000 0.00000 0.79917 0.00000
