initial: 6
0.00001 0.10861 0.09331 0.21020 0.00000 0.58787

transition: 6
0.20244 0.21656 0.58093 0.00005 0.00001 0.00001
0.03734 0.28877 0.49087 0.00570 0.00000 0.17733
0.49637 0.00849 0.18949 0.30563 0.00001 0.00001
0.20071 0.00121 0.00121 0.59855 0.00001 0.19832
0.00001 0.10400 0.00000 0.00000 0.50329 0.39270
0.39788 0.00018 0.00000 0.00000 0.30504 0.29691

observation: 6
0.49276 0.69126 0.29706 0.10022 0.00073 0.09793
0.00274 0.00650 0.40593 0.09881 0.10188 0.09590
0.00004 0.29658 0.19832 0.19624 0.09880 0.30176
0.50444 0.00563 0.09841 0.00000 0.00380 0.40296
0.00003 0.00004 0.00028 0.60473 0.00194 0.10146
0.00000 0.00000 0.00000 0.00000 0.79285 0.00000
