initial: 6
0.00001 0.10358 0.09684 0.21046 0.00000 0.58911

transition: 6
0.20227 0.20334 0.59432 0.00005 0.00001 0.00001
0.01120 0.28725 0.51310 0.00021 0.00000 0.18824
0.49542 0.00616 0.19670 0.30170 0.00001 0.00001
0.20080 0.00020 0.00096 0.59886 0.00001 0.19918
0.00001 0.10208 0.00000 0.00000 0.50127 0.39665
0.39701 0.00009 0.00000 0.00000 0.30286 0.30004

observation: 6
0.49464 0.69911 0.30256 0.10020 0.00003 0.09900
0.00173 0.00155 0.39921 0.09967 0.10271 0.09585
0.00004 0.29863 0.19999 0.19639 0.09757 0.30159
0.50356 0.00067 0.09809 0.00000 0.00208 0.40266
0.00003 0.00004 0.00015 0.60373 0.00193 0.10089
0.00000 0.00000 0.00000 0.00000 0.79569 0.00000
