initial: 6
0.50725 0.49275 0.00000 0.00000 0.00000 0.00000

transition: 6
0.29113 0.50864 0.00712 0.19236 0.00002 0.00074
0.00111 0.50215 0.19846 0.00004 0.00001 0.29823
0.00212 0.00027 0.20327 0.78868 0.00005 0.00562
0.00016 0.00144 0.00435 0.27964 0.51439 0.20002
0.00000 0.00000 0.00000 0.00000 0.50086 0.49914
0.59884 0.00005 0.20676 0.19435 0.00000 0.00000

observation: 6
0.00008 0.29936 0.00201 0.09985 0.29881 0.09839
0.10000 0.39615 0.00002 0.10137 0.00000 0.10053
0.40431 0.20024 0.48924 0.29574 0.30241 0.00000
0.49561 0.10424 0.50660 0.40304 0.00000 0.00000
0.00000 0.00000 0.00213 0.10000 0.00000 0.80108
0.00000 0.00000 0.00000 0.00000 0.39878 0.00000
