initial: 6
0.00001 0.12746 0.07832 0.20978 0.00000 0.58443

transition: 6
0.19719 0.28244 0.52031 0.00005 0.00001 0.00001
0.10350 0.31166 0.40388 0.04427 0.00000 0.13670
0.50638 0.01449 0.16251 0.31660 0.00001 0.00001
0.20069 0.00386 0.00176 0.59801 0.00001 0.19568
0.00001 0.10773 0.00000 0.00000 0.50857 0.38369
0.39966 0.00070 0.00000 0.00000 0.31124 0.28840

observation: 6
0.48714 0.66574 0.26597 0.10085 0.00439 0.09513
0.00467 0.02655 0.43970 0.09721 0.09978 0.09520
0.00004 0.28019 0.19058 0.19620 0.10223 0.30378
0.50813 0.02748 0.10299 0.00000 0.00656 0.40339
0.00003 0.00004 0.00076 0.60574 0.00197 0.10249
0.00000 0.00000 0.00000 0.00000 0.78507 0.00000
