initial: 6
0.71981 0.00000 0.09335 0.18684 0.00000 0.00000

transition: 6
0.29591 0.01006 0.50493 0.00083 0.00000 0.18827
0.20028 0.20102 0.59860 0.00006 0.00000 0.00003
0.00353 0.49653 0.19959 0.30020 0.00001 0.00015
0.00020 0.20230 0.00017 0.59757 0.00001 0.19974
0.10746 0.00001 0.00000 0.00000 0.49998 0.39255
0.00062 0.39352 0.00001 0.00000 0.30452 0.30133

observation: 6
0.69542 0.49696 0.30230 0.09988 0.00019 0.09758
0.00132 0.00120 0.39858 0.09957 0.10225 0.09723
0.30261 0.00027 0.20013 0.19606 0.09690 0.30230
0.00061 0.50155 0.09886 0.00000 0.00109 0.40392
0.00004 0.00002 0.00013 0.60448 0.00278 0.09898
0.00000 0.00000 0.00000 0.00000 0.79679 0.00000
