initial: 6
0.74005 0.00000 0.07794 0.18201 0.00000 0.00000

transition: 6
0.30721 0.05507 0.43740 0.00777 0.00000 0.19255
0.00199 0.30964 0.65979 0.02857 0.00000 0.00000
0.00722 0.55339 0.12989 0.30947 0.00000 0.00003
0.00709 0.20393 0.00006 0.58600 0.00005 0.20287
0.10646 0.00001 0.00000 0.00000 0.52820 0.36534
0.00401 0.41192 0.00001 0.00000 0.31349 0.27057

observation: 6
0.98149 0.48431 0.27530 0.08648 0.00794 0.09421
0.00621 0.01666 0.44517 0.09703 0.10520 0.09054
0.00678 0.01497 0.21814 0.81639 0.09461 0.31640
0.00553 0.48407 0.06139 0.00010 0.02850 0.39871
0.00000 0.00000 0.00000 0.00000 0.00831 0.10014
0.00000 0.00000 0.00000 0.00000 0.75544 0.00000
