initial: 6
0.50711 0.49289 0.00000 0.00000 0.00000 0.00000

transition: 6
0.29142 0.50898 0.00666 0.19252 0.00002 0.00041
0.00063 0.50243 0.19857 0.00004 0.00001 0.29833
0.00230 0.00027 0.20254 0.78880 0.00005 0.00604
0.00016 0.00109 0.00434 0.28092 0.51367 0.19983
0.00000 0.00000 0.00000 0.00000 0.50086 0.49914
0.59847 0.00005 0.20668 0.19480 0.00000 0.00000

observation: 6
0.00019 0.29929 0.00164 0.09976 0.29887 0.09845
0.09999 0.39612 0.00002 0.10135 0.00000 0.10054
0.40425 0.20028 0.48969 0.29583 0.30238 0.00000
0.49556 0.10431 0.50690 0.40305 0.00000 0.00000
0.00000 0.00000 0.00176 0.10001 0.00000 0.80101
0.00000 0.00000 0.00000 0.00000 0.39875 0.00000
