initial: 6
0.72085 0.00000 0.09247 0.18668 0.00000 0.00000

transition: 6
0.29587 0.01226 0.50316 0.00119 0.00000 0.18751
0.20102 0.20189 0.59690 0.00016 0.00000 0.00003
0.00379 0.49724 0.19811 0.30071 0.00001 0.00015
0.00032 0.20240 0.00017 0.59743 0.00001 0.19966
0.10754 0.00001 0.00000 0.00000 0.50043 0.39202
0.00085 0.39359 0.00001 0.00000 0.30485 0.30070

observation: 6
0.69501 0.49651 0.30179 0.09981 0.00036 0.09742
0.00166 0.00166 0.39929 0.09941 0.10219 0.09713
0.30258 0.00037 0.20013 0.19599 0.09693 0.30244
0.00071 0.50145 0.09864 0.00000 0.00155 0.40395
0.00004 0.00002 0.00014 0.60479 0.00277 0.09906
0.00000 0.00000 0.00000 0.00000 0.79619 0.00000
