initial: 6
0.83684 0.01755 0.01321 0.13239 0.00001 0.00001

transition: 6
0.40004 0.43686 0.08521 0.05622 0.00447 0.01720
0.15951 0.50395 0.27018 0.05227 0.00223 0.01185
0.15631 0.14815 0.32962 0.32388 0.00786 0.03417
0.10720 0.09527 0.10436 0.53587 0.07970 0.07761
0.06185 0.02532 0.00721 0.00633 0.72140 0.17789
0.44193 0.11435 0.03118 0.01412 0.13879 0.25962

observation: 6
0.64081 0.34539 0.17472 0.06681 0.03392 0.12097
0.11259 0.25935 0.21779 0.05432 0.09164 0.06637
0.06796 0.08735 0.41682 0.79606 0.15709 0.14618
0.17797 0.30778 0.19057 0.08076 0.13188 0.50979
0.00067 0.00012 0.00010 0.00205 0.05592 0.09436
0.00000 0.00000 0.00000 0.00000 0.52955 0.06232
