initial: 6
0.74774 0.00000 0.07183 0.18042 0.00000 0.00000

transition: 6
0.30425 0.07217 0.42519 0.01072 0.00000 0.18768
0.00319 0.33379 0.63069 0.03233 0.00000 0.00000
0.01101 0.56456 0.11114 0.31325 0.00000 0.00005
0.01038 0.20217 0.00010 0.58295 0.00008 0.20432
0.10703 0.00001 0.00000 0.00000 0.53764 0.35532
0.00643 0.41665 0.00002 0.00000 0.31691 0.25999

observation: 6
0.97556 0.47819 0.26957 0.08312 0.00984 0.09314
0.00849 0.02230 0.45530 0.09617 0.10598 0.08801
0.00870 0.01819 0.22437 0.82055 0.09707 0.31805
0.00725 0.48132 0.05076 0.00017 0.03461 0.40074
0.00000 0.00000 0.00000 0.00000 0.01026 0.10006
0.00000 0.00000 0.00000 0.00000 0.74224 0.00000
