initial: 6
0.00001 0.10379 0.09669 0.21045 0.00000 0.58906

transition: 6
0.20229 0.20386 0.59378 0.00005 0.00001 0.00001
0.01252 0.28721 0.51214 0.00032 0.00000 0.18781
0.49542 0.00628 0.19639 0.30189 0.00001 0.00001
0.20079 0.00026 0.00096 0.59885 0.00001 0.19914
0.00001 0.10218 0.00000 0.00000 0.50138 0.39644
0.39707 0.00009 0.00000 0.00000 0.30295 0.29989

observation: 6
0.49455 0.69876 0.30236 0.10020 0.00003 0.09897
0.00179 0.00175 0.39948 0.09963 0.10267 0.09586
0.00004 0.29860 0.19992 0.19638 0.09763 0.30159
0.50360 0.00086 0.09809 0.00000 0.00220 0.40266
0.00003 0.00004 0.00015 0.60379 0.00193 0.10092
0.00000 0.00000 0.00000 0.00000 0.79554 0.00000
