initial: 6
0.84975 0.00026 0.00320 0.14678 0.00000 0.00000

transition: 6
0.33266 0.45834 0.11067 0.07341 0.00351 0.02141
0.14387 0.54955 0.25664 0.04369 0.00077 0.00549
0.15856 0.15434 0.27670 0.36625 0.00291 0.04123
0.09205 0.07683 0.06474 0.52963 0.05090 0.18586
0.10834 0.01702 0.00275 0.00240 0.72456 0.14493
0.40844 0.17133 0.01751 0.00193 0.20726 0.19353

observation: 6
0.72544 0.30411 0.20141 0.07083 0.03676 0.07800
0.09040 0.26412 0.26037 0.03887 0.10921 0.03098
0.06524 0.07206 0.40654 0.85720 0.16353 0.13705
0.11877 0.35969 0.13168 0.03244 0.10536 0.63671
0.00014 0.00002 0.00000 0.00066 0.04019 0.09768
0.00000 0.00000 0.00000 0.00000 0.54496 0.01958
