initial: 6
0.49718 0.50282 0.00000 0.00000 0.00000 0.00000

transition: 6
0.28072 0.44941 0.00975 0.25773 0.00012 0.00227
0.00530 0.50432 0.19884 0.00015 0.00003 0.29136
0.00530 0.00126 0.21402 0.77586 0.00032 0.00323
0.00036 0.00525 0.00675 0.25181 0.53014 0.20569
0.00000 0.00000 0.00000 0.00000 0.50097 0.49903
0.69213 0.00015 0.12137 0.18635 0.00000 0.00000

observation: 6
0.00012 0.29785 0.00753 0.10093 0.29835 0.09756
0.08881 0.39785 0.00008 0.09975 0.00000 0.09964
0.41263 0.19904 0.48211 0.29567 0.30275 0.00000
0.49844 0.10525 0.49500 0.40398 0.00000 0.00000
0.00000 0.00000 0.01528 0.09967 0.00000 0.80281
0.00000 0.00000 0.00000 0.00000 0.39890 0.00000
