initial: 6
0.00001 0.11162 0.09104 0.21013 0.00000 0.58719

transition: 6
0.20215 0.22533 0.57245 0.00005 0.00001 0.00001
0.05009 0.29109 0.47741 0.01077 0.00000 0.17064
0.49750 0.00956 0.18531 0.30761 0.00001 0.00001
0.20075 0.00166 0.00131 0.59845 0.00001 0.19783
0.00001 0.10484 0.00000 0.00000 0.50425 0.39091
0.39823 0.00024 0.00000 0.00000 0.30617 0.29536

observation: 6
0.49182 0.68704 0.29319 0.10030 0.00136 0.09728
0.00316 0.00955 0.41034 0.09846 0.10147 0.09586
0.00004 0.29474 0.19720 0.19623 0.09940 0.30197
0.50496 0.00865 0.09892 0.00000 0.00434 0.40321
0.00003 0.00004 0.00035 0.60501 0.00194 0.10168
0.00000 0.00000 0.00000 0.00000 0.79148 0.00000
