initial: 6
0.50707 0.49293 0.00000 0.00000 0.00000 0.00000

transition: 6
0.29146 0.50903 0.00656 0.19260 0.00002 0.00034
0.00056 0.50247 0.19859 0.00004 0.00001 0.29835
0.00237 0.00027 0.20241 0.78880 0.00005 0.00611
0.00016 0.00102 0.00434 0.28117 0.51352 0.19980
0.00000 0.00000 0.00000 0.00000 0.50086 0.49914
0.59840 0.00005 0.20666 0.19489 0.00000 0.00000

observation: 6
0.00020 0.29929 0.00157 0.09975 0.29888 0.09846
0.09999 0.39612 0.00002 0.10134 0.00000 0.10054
0.40425 0.20028 0.48977 0.29585 0.30238 0.00000
0.49556 0.10432 0.50695 0.40305 0.00000 0.00000
0.00000 0.00000 0.00169 0.10001 0.00000 0.80100
0.00000 0.00000 0.00000 0.00000 0.39875 0.00000
