initial: 6
0.00001 0.10371 0.09675 0.21045 0.00000 0.58908

transition: 6
0.20229 0.20367 0.59397 0.00005 0.00001 0.00001
0.01205 0.28722 0.51249 0.00028 0.00000 0.18796
0.49542 0.00624 0.19650 0.30182 0.00001 0.00001
0.20079 0.00024 0.00096 0.59885 0.00001 0.19915
0.00001 0.10214 0.00000 0.00000 0.50134 0.39652
0.39705 0.00009 0.00000 0.00000 0.30292 0.29995

observation: 6
0.49458 0.69889 0.30244 0.10020 0.00003 0.09899
0.00177 0.00167 0.39938 0.09964 0.10269 0.09585
0.00004 0.29861 0.19994 0.19639 0.09761 0.30159
0.50359 0.00079 0.09809 0.00000 0.00216 0.40266
0.00003 0.00004 0.00015 0.60377 0.00193 0.10091
0.00000 0.00000 0.00000 0.00000 0.79560 0.00000
