initial: 6
0.50703 0.49297 0.00000 0.00000 0.00000 0.00000

transition: 6
0.28984 0.50171 0.00771 0.19894 0.00002 0.00178
0.00272 0.50152 0.19842 0.00004 0.00001 0.29729
0.00265 0.00050 0.20788 0.78465 0.00008 0.00424
0.00017 0.00260 0.00501 0.27047 0.51987 0.20188
0.00000 0.00000 0.00000 0.00000 0.50095 0.49905
0.60824 0.00005 0.20017 0.19154 0.00000 0.00000

observation: 6
0.00008 0.29943 0.00351 0.10017 0.29856 0.09811
0.09907 0.39633 0.00002 0.10126 0.00000 0.10036
0.40501 0.20005 0.48717 0.29539 0.30260 0.00000
0.49584 0.10419 0.50487 0.40321 0.00000 0.00000
0.00000 0.00000 0.00443 0.09998 0.00000 0.80153
0.00000 0.00000 0.00000 0.00000 0.39884 0.00000
