initial: 6
0.75633 0.00000 0.06257 0.18110 0.00000 0.00000

transition: 6
0.30195 0.08791 0.44123 0.00983 0.00000 0.15908
0.22469 0.27401 0.48918 0.01209 0.00000 0.00003
0.01172 0.56095 0.08706 0.33823 0.00010 0.00193
0.00571 0.20836 0.00101 0.58955 0.00005 0.19532
0.10793 0.00001 0.00000 0.00000 0.51571 0.37635
0.01226 0.39523 0.00001 0.00000 0.31729 0.27522

observation: 6
0.67638 0.47371 0.27238 0.09512 0.00591 0.09422
0.01723 0.03338 0.44081 0.09354 0.10487 0.08547
0.30077 0.00408 0.20989 0.19477 0.09815 0.30840
0.00544 0.48879 0.07357 0.00000 0.01139 0.41105
0.00017 0.00004 0.00335 0.61658 0.00382 0.10086
0.00000 0.00000 0.00000 0.00000 0.77586 0.00000
