initial: 6
0.00001 0.10567 0.09540 0.21031 0.00000 0.58861

transition: 6
0.20242 0.20866 0.58885 0.00005 0.00001 0.00001
0.02322 0.28736 0.50377 0.00188 0.00000 0.18378
0.49556 0.00726 0.19367 0.30350 0.00001 0.00001
0.20073 0.00068 0.00109 0.59869 0.00001 0.19881
0.00001 0.10300 0.00000 0.00000 0.50223 0.39477
0.39746 0.00009 0.00000 0.00000 0.30381 0.29864

observation: 6
0.49379 0.69566 0.30044 0.10019 0.00019 0.09861
0.00221 0.00359 0.40193 0.09924 0.10234 0.09589
0.00004 0.29801 0.19931 0.19630 0.09814 0.30161
0.50393 0.00271 0.09816 0.00000 0.00305 0.40270
0.00003 0.00004 0.00016 0.60427 0.00194 0.10118
0.00000 0.00000 0.00000 0.00000 0.79435 0.00000
