initial: 6
0.50713 0.49287 0.00000 0.00000 0.00000 0.00000

transition: 6
0.29137 0.50893 0.00676 0.19247 0.00002 0.00046
0.00072 0.50238 0.19854 0.00004 0.00001 0.29832
0.00225 0.00027 0.20263 0.78883 0.00005 0.00598
0.00016 0.00114 0.00434 0.28074 0.51377 0.19986
0.00000 0.00000 0.00000 0.00000 0.50086 0.49914
0.59852 0.00005 0.20669 0.19474 0.00000 0.00000

observation: 6
0.00018 0.29931 0.00170 0.09977 0.29886 0.09844
0.09999 0.39613 0.00002 0.10136 0.00000 0.10054
0.40426 0.20027 0.48962 0.29582 0.30239 0.00000
0.49557 0.10429 0.50685 0.40305 0.00000 0.00000
0.00000 0.00000 0.00181 0.10001 0.00000 0.80102
0.00000 0.00000 0.00000 0.00000 0.39875 0.00000
