initial: 6
0.71971 0.00000 0.09249 0.18779 0.00000 0.00000

transition: 6
0.30859 0.00179 0.49258 0.00049 0.00000 0.19656
0.00081 0.20114 0.79623 0.00182 0.00000 0.00000
0.00060 0.49982 0.20078 0.29878 0.00000 0.00002
0.00006 0.20194 0.00003 0.59769 0.00002 0.20027
0.10506 0.00001 0.00000 0.00000 0.49762 0.39731
0.00014 0.39430 0.00001 0.00000 0.30037 0.30518

observation: 6
0.99537 0.49801 0.29797 0.09824 0.00044 0.09835
0.00222 0.00024 0.40046 0.09984 0.10347 0.09750
0.00239 0.00237 0.20033 0.80190 0.09049 0.30902
0.00002 0.49938 0.10124 0.00003 0.00425 0.39569
0.00000 0.00000 0.00000 0.00000 0.00206 0.09944
0.00000 0.00000 0.00000 0.00000 0.79929 0.00000
