initial: 6
0.71989 0.00000 0.09328 0.18683 0.00000 0.00000

transition: 6
0.29591 0.01023 0.50479 0.00086 0.00000 0.18821
0.20034 0.20109 0.59847 0.00007 0.00000 0.00003
0.00355 0.49659 0.19947 0.30024 0.00001 0.00015
0.00021 0.20231 0.00017 0.59756 0.00001 0.19974
0.10747 0.00001 0.00000 0.00000 0.50001 0.39251
0.00064 0.39353 0.00001 0.00000 0.30454 0.30128

observation: 6
0.69539 0.49692 0.30227 0.09987 0.00020 0.09757
0.00135 0.00124 0.39864 0.09956 0.10225 0.09722
0.30260 0.00028 0.20013 0.19606 0.09690 0.30231
0.00062 0.50154 0.09884 0.00000 0.00113 0.40392
0.00004 0.00002 0.00013 0.60451 0.00277 0.09898
0.00000 0.00000 0.00000 0.00000 0.79674 0.00000
