initial: 6
0.52594 0.18860 0.12311 0.12532 0.02756 0.00947

transition: 6
0.45274 0.38596 0.06366 0.04440 0.02240 0.03085
0.18230 0.46658 0.23883 0.05656 0.02317 0.03257
0.14684 0.12369 0.31037 0.31287 0.05285 0.05337
0.11266 0.09429 0.10501 0.39920 0.22690 0.06194
0.06732 0.05407 0.05255 0.06873 0.44360 0.31373
0.28417 0.07567 0.05123 0.05205 0.15456 0.38232

observation: 6
0.50510 0.48361 0.22777 0.11208 0.06428 0.11670
0.11479 0.17842 0.22437 0.13535 0.06754 0.07732
0.13868 0.11328 0.18413 0.18293 0.22632 0.20831
0.23341 0.21389 0.17323 0.12907 0.15572 0.30765
0.00771 0.01074 0.19026 0.43798 0.22487 0.06878
0.00031 0.00006 0.00024 0.00259 0.26126 0.22125
