initial: 6
0.50744 0.49256 0.00000 0.00000 0.00000 0.00000

transition: 6
0.29079 0.50775 0.00748 0.19280 0.00002 0.00117
0.00169 0.50182 0.19841 0.00004 0.00001 0.29803
0.00219 0.00036 0.20463 0.78766 0.00006 0.00509
0.00016 0.00184 0.00453 0.27698 0.51601 0.20048
0.00000 0.00000 0.00000 0.00000 0.50089 0.49911
0.60006 0.00005 0.20643 0.19346 0.00000 0.00000

observation: 6
0.00008 0.29942 0.00245 0.09995 0.29872 0.09830
0.09994 0.39616 0.00002 0.10139 0.00000 0.10049
0.40437 0.20022 0.48853 0.29560 0.30247 0.00000
0.49560 0.10421 0.50621 0.40307 0.00000 0.00000
0.00000 0.00000 0.00279 0.09999 0.00000 0.80121
0.00000 0.00000 0.00000 0.00000 0.39881 0.00000
