initial: 6
0.71931 0.00000 0.09379 0.18691 0.00000 0.00000

transition: 6
0.29593 0.00906 0.50571 0.00068 0.00000 0.18862
0.19993 0.20070 0.59929 0.00006 0.00000 0.00003
0.00339 0.49625 0.20024 0.29997 0.00001 0.00015
0.00013 0.20227 0.00017 0.59764 0.00001 0.19977
0.10743 0.00001 0.00000 0.00000 0.49978 0.39279
0.00051 0.39350 0.00001 0.00000 0.30438 0.30160

observation: 6
0.69561 0.49719 0.30251 0.09990 0.00012 0.09764
0.00117 0.00100 0.39829 0.09965 0.10228 0.09728
0.30264 0.00020 0.20015 0.19612 0.09689 0.30224
0.00054 0.50159 0.09892 0.00000 0.00086 0.40392
0.00004 0.00002 0.00013 0.60432 0.00279 0.09891
0.00000 0.00000 0.00000 0.00000 0.79705 0.00000
