initial: 6
0.71880 0.00000 0.09422 0.18698 0.00000 0.00000

transition: 6
0.29595 0.00799 0.50656 0.00051 0.00000 0.18899
0.19952 0.20043 0.59996 0.00006 0.00000 0.00003
0.00328 0.49600 0.20085 0.29972 0.00001 0.00015
0.00010 0.20224 0.00017 0.59769 0.00001 0.19979
0.10738 0.00001 0.00000 0.00000 0.49956 0.39305
0.00040 0.39347 0.00001 0.00000 0.30425 0.30187

observation: 6
0.69584 0.49738 0.30273 0.09992 0.00007 0.09769
0.00100 0.00078 0.39801 0.09974 0.10232 0.09732
0.30263 0.00020 0.20017 0.19615 0.09687 0.30218
0.00051 0.50163 0.09896 0.00000 0.00061 0.40394
0.00004 0.00002 0.00013 0.60420 0.00279 0.09887
0.00000 0.00000 0.00000 0.00000 0.79735 0.00000
