initial: 6
0.28484 0.04206 0.13865 0.25250 0.05352 0.22842

transition: 6
0.47875 0.44406 0.04828 0.01111 0.00679 0.01102
0.19331 0.51798 0.24261 0.03542 0.00329 0.00739
0.19338 0.10804 0.24624 0.40858 0.01800 0.02576
0.21007 0.09041 0.07320 0.50849 0.07460 0.04322
0.04988 0.02826 0.00752 0.00671 0.63576 0.27187
0.31009 0.06448 0.01130 0.00424 0.23960 0.37029

observation: 6
0.38348 0.50607 0.19455 0.05954 0.02591 0.07649
0.09978 0.17997 0.28989 0.04880 0.09198 0.06492
0.13344 0.11271 0.25075 0.17838 0.17817 0.26176
0.38137 0.19902 0.06971 0.05030 0.13291 0.30944
0.00191 0.00222 0.19511 0.66297 0.03557 0.02471
0.00001 0.00000 0.00000 0.00001 0.53547 0.26269
