initial: 6
0.50745 0.49255 0.00000 0.00000 0.00000 0.00000

transition: 6
0.29056 0.50665 0.00758 0.19379 0.00002 0.00140
0.00203 0.50166 0.19840 0.00004 0.00001 0.29786
0.00231 0.00041 0.20563 0.78680 0.00006 0.00480
0.00016 0.00207 0.00467 0.27508 0.51716 0.20086
0.00000 0.00000 0.00000 0.00000 0.50091 0.49909
0.60154 0.00005 0.20554 0.19287 0.00000 0.00000

observation: 6
0.00008 0.29944 0.00276 0.10002 0.29867 0.09824
0.09982 0.39618 0.00002 0.10138 0.00000 0.10045
0.40447 0.20018 0.48808 0.29552 0.30251 0.00000
0.49563 0.10419 0.50589 0.40309 0.00000 0.00000
0.00000 0.00000 0.00325 0.09999 0.00000 0.80130
0.00000 0.00000 0.00000 0.00000 0.39882 0.00000
