initial: 6
0.72091 0.00000 0.09187 0.18722 0.00000 0.00000

transition: 6
0.30814 0.00738 0.48610 0.00176 0.00000 0.19662
0.00057 0.21202 0.78066 0.00675 0.00000 0.00000
0.00138 0.50685 0.19269 0.29906 0.00000 0.00002
0.00069 0.20251 0.00003 0.59619 0.00002 0.20056
0.10508 0.00001 0.00000 0.00000 0.50285 0.39206
0.00044 0.39756 0.00001 0.00000 0.30236 0.29963

observation: 6
0.99486 0.49634 0.29645 0.09685 0.00179 0.09780
0.00222 0.00193 0.40532 0.09949 0.10367 0.09661
0.00267 0.00447 0.20040 0.80363 0.09088 0.31034
0.00024 0.49726 0.09783 0.00003 0.00886 0.39576
0.00000 0.00000 0.00000 0.00000 0.00316 0.09949
0.00000 0.00000 0.00000 0.00000 0.79164 0.00000
