initial: 6
0.71973 0.00000 0.09249 0.18778 0.00000 0.00000

transition: 6
0.30855 0.00202 0.49228 0.00057 0.00000 0.19658
0.00077 0.20153 0.79562 0.00208 0.00000 0.00000
0.00064 0.50012 0.20048 0.29875 0.00000 0.00002
0.00007 0.20195 0.00003 0.59762 0.00002 0.20030
0.10506 0.00001 0.00000 0.00000 0.49796 0.39698
0.00014 0.39452 0.00001 0.00000 0.30048 0.30485

observation: 6
0.99537 0.49793 0.29795 0.09819 0.00052 0.09834
0.00221 0.00030 0.40065 0.09982 0.10348 0.09746
0.00240 0.00249 0.20027 0.80196 0.09053 0.30909
0.00002 0.49928 0.10113 0.00003 0.00455 0.39568
0.00000 0.00000 0.00000 0.00000 0.00214 0.09944
0.00000 0.00000 0.00000 0.00000 0.79878 0.00000
