initial: 6
0.71950 0.00000 0.09362 0.18688 0.00000 0.00000

transition: 6
0.29592 0.00945 0.50541 0.00074 0.00000 0.18848
0.20007 0.20082 0.59903 0.00006 0.00000 0.00003
0.00345 0.49636 0.19998 0.30006 0.00001 0.00015
0.00016 0.20228 0.00017 0.59761 0.00001 0.19976
0.10744 0.00001 0.00000 0.00000 0.49986 0.39270
0.00054 0.39351 0.00001 0.00000 0.30443 0.30150

observation: 6
0.69554 0.49709 0.30243 0.09989 0.00015 0.09761
0.00123 0.00108 0.39840 0.09962 0.10227 0.09726
0.30262 0.00023 0.20014 0.19610 0.09690 0.30226
0.00057 0.50158 0.09890 0.00000 0.00095 0.40392
0.00004 0.00002 0.00013 0.60439 0.00278 0.09894
0.00000 0.00000 0.00000 0.00000 0.79695 0.00000
