initial: 6
0.48954 0.51046 0.00000 0.00000 0.00000 0.00000

transition: 6
0.27079 0.41761 0.01382 0.29507 0.00048 0.00222
0.00771 0.50551 0.20139 0.00039 0.00016 0.28484
0.00940 0.00276 0.21661 0.76688 0.00094 0.00341
0.00061 0.00803 0.00904 0.24414 0.53259 0.20560
0.00000 0.00000 0.00000 0.00000 0.50098 0.49902
0.75784 0.00026 0.05838 0.18352 0.00000 0.00000

observation: 6
0.00018 0.29675 0.01008 0.10162 0.29834 0.09725
0.08174 0.39937 0.00050 0.09911 0.00000 0.09921
0.41857 0.19828 0.47205 0.29570 0.30271 0.00000
0.49951 0.10560 0.48499 0.40396 0.00000 0.00000
0.00000 0.00000 0.03238 0.09961 0.00000 0.80355
0.00000 0.00000 0.00000 0.00000 0.39894 0.00000
