initial: 6
0.00001 0.10791 0.09383 0.21022 0.00000 0.58804

transition: 6
0.20248 0.21461 0.58285 0.00005 0.00001 0.00001
0.03414 0.28834 0.49398 0.00466 0.00000 0.17888
0.49614 0.00822 0.19048 0.30514 0.00001 0.00001
0.20071 0.00109 0.00119 0.59857 0.00001 0.19843
0.00001 0.10378 0.00000 0.00000 0.50305 0.39316
0.39778 0.00016 0.00000 0.00000 0.30476 0.29730

observation: 6
0.49299 0.69229 0.29791 0.10020 0.00059 0.09809
0.00262 0.00579 0.40495 0.09890 0.10199 0.09590
0.00004 0.29696 0.19857 0.19625 0.09865 0.30172
0.50432 0.00492 0.09832 0.00000 0.00365 0.40290
0.00003 0.00004 0.00026 0.60465 0.00194 0.10140
0.00000 0.00000 0.00000 0.00000 0.79318 0.00000
