initial: 6
0.49163 0.50837 0.00000 0.00000 0.00000 0.00000

transition: 6
0.27428 0.42640 0.01209 0.28471 0.00030 0.00223
0.00673 0.50544 0.20031 0.00028 0.00009 0.28716
0.00762 0.00209 0.21622 0.77014 0.00065 0.00327
0.00050 0.00694 0.00808 0.24634 0.53219 0.20595
0.00000 0.00000 0.00000 0.00000 0.50095 0.49905
0.73814 0.00022 0.07718 0.18446 0.00000 0.00000

observation: 6
0.00016 0.29699 0.00930 0.10143 0.29833 0.09735
0.08375 0.39879 0.00027 0.09928 0.00000 0.09936
0.41684 0.19857 0.47600 0.29578 0.30271 0.00000
0.49925 0.10566 0.48860 0.40396 0.00000 0.00000
0.00000 0.00000 0.02582 0.09955 0.00000 0.80329
0.00000 0.00000 0.00000 0.00000 0.39896 0.00000
