initial: 6
0.72786 0.00000 0.08702 0.18512 0.00000 0.00000

transition: 6
0.30844 0.02640 0.46515 0.00405 0.00000 0.19596
0.00092 0.25480 0.72634 0.01794 0.00000 0.00000
0.00327 0.52853 0.16493 0.30326 0.00000 0.00002
0.00293 0.20417 0.00003 0.59179 0.00002 0.20107
0.10554 0.00001 0.00000 0.00000 0.51323 0.38122
0.00151 0.40370 0.00001 0.00000 0.30712 0.28767

observation: 6
0.99035 0.49205 0.28776 0.09255 0.00458 0.09613
0.00331 0.00774 0.42258 0.09861 0.10418 0.09422
0.00408 0.00913 0.20658 0.80881 0.09157 0.31334
0.00226 0.49108 0.08307 0.00003 0.01761 0.39643
0.00000 0.00000 0.00000 0.00000 0.00525 0.09989
0.00000 0.00000 0.00000 0.00000 0.77681 0.00000
