initial: 6
0.00001 0.14195 0.06700 0.20945 0.00000 0.58159

transition: 6
0.18617 0.35343 0.46030 0.00007 0.00001 0.00001
0.13559 0.34436 0.33783 0.07329 0.00000 0.10893
0.51854 0.01877 0.13730 0.32538 0.00001 0.00001
0.19970 0.00684 0.00243 0.59702 0.00001 0.19401
0.00005 0.10960 0.00000 0.00000 0.51332 0.37703
0.40093 0.00163 0.00000 0.00000 0.31642 0.28102

observation: 6
0.48127 0.64233 0.23097 0.10111 0.00706 0.09446
0.00595 0.04523 0.47695 0.09617 0.09872 0.09352
0.00009 0.25879 0.18545 0.19582 0.10489 0.30683
0.51265 0.05361 0.10523 0.00000 0.00922 0.40198
0.00003 0.00004 0.00140 0.60690 0.00222 0.10321
0.00000 0.00000 0.00000 0.00000 0.77790 0.00000
