initial: 6
0.72149 0.00000 0.09193 0.18658 0.00000 0.00000

transition: 6
0.29586 0.01357 0.50211 0.00140 0.00000 0.18706
0.20145 0.20249 0.59581 0.00023 0.00000 0.00003
0.00394 0.49773 0.19717 0.30101 0.00001 0.00015
0.00040 0.20247 0.00017 0.59734 0.00001 0.19961
0.10758 0.00001 0.00000 0.00000 0.50068 0.39173
0.00098 0.39364 0.00001 0.00000 0.30506 0.30031

observation: 6
0.69475 0.49624 0.30146 0.09975 0.00048 0.09733
0.00187 0.00194 0.39974 0.09931 0.10216 0.09706
0.30255 0.00042 0.20015 0.19595 0.09693 0.30255
0.00079 0.50138 0.09847 0.00000 0.00181 0.40397
0.00004 0.00002 0.00018 0.60498 0.00277 0.09909
0.00000 0.00000 0.00000 0.00000 0.79585 0.00000
