initial: 6
0.49426 0.50574 0.00000 0.00000 0.00000 0.00000

transition: 6
0.27761 0.43719 0.01076 0.27201 0.00019 0.00225
0.00595 0.50501 0.19943 0.00020 0.00005 0.28936
0.00630 0.00161 0.21521 0.77322 0.00045 0.00321
0.00042 0.00602 0.00733 0.24887 0.53139 0.20597
0.00000 0.00000 0.00000 0.00000 0.50095 0.49905
0.71572 0.00018 0.09871 0.18539 0.00000 0.00000

observation: 6
0.00014 0.29737 0.00844 0.10118 0.29834 0.09745
0.08615 0.39828 0.00015 0.09949 0.00000 0.09949
0.41481 0.19882 0.47945 0.29576 0.30273 0.00000
0.49889 0.10553 0.49195 0.40399 0.00000 0.00000
0.00000 0.00000 0.02001 0.09958 0.00000 0.80306
0.00000 0.00000 0.00000 0.00000 0.39894 0.00000
