initial: 6
0.72502 0.00000 0.08894 0.18604 0.00000 0.00000

transition: 6
0.29601 0.02059 0.49639 0.00258 0.00000 0.18443
0.20375 0.20621 0.58927 0.00074 0.00000 0.00003
0.00468 0.50075 0.19150 0.30282 0.00001 0.00026
0.00081 0.20290 0.00017 0.59685 0.00001 0.19927
0.10778 0.00001 0.00000 0.00000 0.50194 0.39027
0.00168 0.39391 0.00001 0.00000 0.30615 0.29824

observation: 6
0.69327 0.49476 0.29953 0.09945 0.00112 0.09676
0.00308 0.00359 0.40240 0.09878 0.10203 0.09660
0.30241 0.00072 0.20036 0.19575 0.09689 0.30315
0.00120 0.50091 0.09738 0.00000 0.00303 0.40414
0.00004 0.00002 0.00033 0.60602 0.00271 0.09935
0.00000 0.00000 0.00000 0.00000 0.79422 0.00000
