initial: 6
0.50715 0.49285 0.00000 0.00000 0.00000 0.00000

transition: 6
0.29129 0.50886 0.00688 0.19243 0.00002 0.00052
0.00084 0.50231 0.19851 0.00004 0.00001 0.29829
0.00219 0.00027 0.20279 0.78885 0.00005 0.00586
0.00016 0.00122 0.00434 0.28051 0.51387 0.19990
0.00000 0.00000 0.00000 0.00000 0.50086 0.49914
0.59857 0.00005 0.20673 0.19466 0.00000 0.00000

observation: 6
0.00013 0.29933 0.00182 0.09979 0.29885 0.09843
0.09999 0.39614 0.00002 0.10136 0.00000 0.10054
0.40429 0.20026 0.48952 0.29580 0.30239 0.00000
0.49560 0.10427 0.50676 0.40305 0.00000 0.00000
0.00000 0.00000 0.00188 0.10000 0.00000 0.80103
0.00000 0.00000 0.00000 0.00000 0.39876 0.00000
