initial: 6
0.00001 0.10396 0.09656 0.21043 0.00000 0.58903

transition: 6
0.20230 0.20429 0.59333 0.00005 0.00001 0.00001
0.01358 0.28719 0.51136 0.00042 0.00000 0.18745
0.49542 0.00637 0.19614 0.30205 0.00001 0.00001
0.20078 0.00030 0.00096 0.59884 0.00001 0.19912
0.00001 0.10226 0.00000 0.00000 0.50147 0.39626
0.39711 0.00009 0.00000 0.00000 0.30303 0.29977

observation: 6
0.49448 0.69846 0.30220 0.10020 0.00003 0.09895
0.00183 0.00192 0.39970 0.09960 0.10263 0.09587
0.00004 0.29856 0.19986 0.19637 0.09769 0.30158
0.50363 0.00102 0.09810 0.00000 0.00231 0.40265
0.00003 0.00004 0.00015 0.60383 0.00194 0.10095
0.00000 0.00000 0.00000 0.00000 0.79540 0.00000
