initial: 6
0.72189 0.00000 0.09160 0.18652 0.00000 0.00000

transition: 6
0.29587 0.01436 0.50149 0.00153 0.00000 0.18676
0.20170 0.20286 0.59513 0.00027 0.00000 0.00003
0.00403 0.49803 0.19658 0.30119 0.00001 0.00016
0.00044 0.20251 0.00017 0.59729 0.00001 0.19958
0.10761 0.00001 0.00000 0.00000 0.50083 0.39155
0.00106 0.39369 0.00001 0.00000 0.30519 0.30006

observation: 6
0.69459 0.49607 0.30126 0.09972 0.00055 0.09727
0.00200 0.00211 0.40001 0.09925 0.10214 0.09701
0.30254 0.00046 0.20016 0.19592 0.09693 0.30261
0.00083 0.50134 0.09836 0.00000 0.00196 0.40399
0.00004 0.00002 0.00020 0.60511 0.00276 0.09912
0.00000 0.00000 0.00000 0.00000 0.79565 0.00000
