initial: 6
0.71875 0.00000 0.09426 0.18699 0.00000 0.00000

transition: 6
0.29596 0.00784 0.50667 0.00049 0.00000 0.18904
0.19947 0.20039 0.60005 0.00006 0.00000 0.00003
0.00326 0.49596 0.20094 0.29968 0.00001 0.00015
0.00010 0.20223 0.00017 0.59770 0.00001 0.19980
0.10737 0.00001 0.00000 0.00000 0.49953 0.39309
0.00038 0.39348 0.00001 0.00000 0.30424 0.30190

observation: 6
0.69586 0.49741 0.30276 0.09992 0.00007 0.09769
0.00098 0.00075 0.39797 0.09975 0.10232 0.09733
0.30262 0.00020 0.20018 0.19615 0.09687 0.30217
0.00050 0.50163 0.09896 0.00000 0.00057 0.40395
0.00004 0.00002 0.00013 0.60418 0.00279 0.09886
0.00000 0.00000 0.00000 0.00000 0.79738 0.00000
