initial: 6
0.76494 0.00000 0.05654 0.17852 0.00000 0.00000

transition: 6
0.30148 0.11645 0.41868 0.01048 0.00000 0.15291
0.22519 0.31063 0.44470 0.01943 0.00000 0.00005
0.01588 0.58504 0.04273 0.35233 0.00028 0.00374
0.00988 0.20617 0.00286 0.58472 0.00014 0.19623
0.10744 0.00005 0.00000 0.00000 0.52410 0.36842
0.02105 0.39464 0.00001 0.00000 0.32089 0.26342

observation: 6
0.67185 0.46502 0.26095 0.09118 0.00766 0.09406
0.02035 0.04673 0.45801 0.09185 0.10659 0.08044
0.30013 0.00580 0.21857 0.19370 0.10205 0.30733
0.00731 0.48233 0.05597 0.00000 0.01456 0.41699
0.00036 0.00012 0.00650 0.62326 0.00501 0.10117
0.00000 0.00000 0.00000 0.00000 0.76413 0.00000
