initial: 6
0.50738 0.49262 0.00000 0.00000 0.00000 0.00000

transition: 6
0.29093 0.50825 0.00737 0.19245 0.00002 0.00098
0.00143 0.50197 0.19842 0.00004 0.00001 0.29813
0.00213 0.00031 0.20397 0.78821 0.00005 0.00532
0.00016 0.00166 0.00444 0.27824 0.51525 0.20026
0.00000 0.00000 0.00000 0.00000 0.50088 0.49912
0.59939 0.00005 0.20668 0.19388 0.00000 0.00000

observation: 6
0.00008 0.29940 0.00224 0.09990 0.29876 0.09834
0.09998 0.39615 0.00002 0.10138 0.00000 0.10051
0.40433 0.20023 0.48886 0.29566 0.30245 0.00000
0.49560 0.10422 0.50640 0.40305 0.00000 0.00000
0.00000 0.00000 0.00248 0.10000 0.00000 0.80115
0.00000 0.00000 0.00000 0.00000 0.39879 0.00000
