initial: 6
0.72380 0.00000 0.08998 0.18622 0.00000 0.00000

transition: 6
0.29593 0.01819 0.49839 0.00217 0.00000 0.18533
0.20295 0.20484 0.59165 0.00054 0.00000 0.00003
0.00444 0.49961 0.19356 0.30215 0.00001 0.00023
0.00067 0.20274 0.00017 0.59703 0.00001 0.19939
0.10772 0.00001 0.00000 0.00000 0.50153 0.39074
0.00144 0.39384 0.00001 0.00000 0.30578 0.29893

observation: 6
0.69379 0.49528 0.30023 0.09955 0.00090 0.09696
0.00265 0.00299 0.40144 0.09897 0.10206 0.09677
0.30246 0.00062 0.20027 0.19581 0.09692 0.30293
0.00106 0.50109 0.09779 0.00000 0.00264 0.40407
0.00004 0.00002 0.00027 0.60567 0.00274 0.09926
0.00000 0.00000 0.00000 0.00000 0.79474 0.00000
