initial: 6
0.75766 0.00000 0.06375 0.17859 0.00000 0.00000

transition: 6
0.29624 0.09642 0.41554 0.01576 0.00000 0.17603
0.00607 0.35738 0.60117 0.03538 0.00000 0.00000
0.01884 0.57543 0.08689 0.31873 0.00000 0.00011
0.01611 0.19742 0.00018 0.57937 0.00014 0.20678
0.10767 0.00001 0.00000 0.00000 0.55099 0.34134
0.01134 0.42245 0.00007 0.00000 0.32075 0.24538

observation: 6
0.96767 0.46746 0.26395 0.07915 0.01240 0.09182
0.01167 0.03021 0.46531 0.09526 0.10709 0.08434
0.01154 0.02239 0.23135 0.82529 0.10073 0.32032
0.00912 0.47994 0.03939 0.00030 0.04264 0.40394
0.00000 0.00000 0.00000 0.00000 0.01301 0.09959
0.00000 0.00000 0.00000 0.00000 0.72414 0.00000
