initial: 6
0.72002 0.00000 0.09240 0.18758 0.00000 0.00000

transition: 6
0.30828 0.00405 0.48991 0.00113 0.00000 0.19664
0.00060 0.20514 0.79022 0.00405 0.00000 0.00000
0.00099 0.50262 0.19769 0.29868 0.00000 0.00002
0.00029 0.20214 0.00003 0.59706 0.00002 0.20046
0.10505 0.00001 0.00000 0.00000 0.50021 0.39473
0.00027 0.39591 0.00001 0.00000 0.30129 0.30252

observation: 6
0.99532 0.49725 0.29757 0.09767 0.00107 0.09816
0.00217 0.00089 0.40235 0.09968 0.10356 0.09712
0.00247 0.00335 0.20005 0.80262 0.09075 0.30961
0.00004 0.49850 0.10002 0.00003 0.00655 0.39568
0.00000 0.00000 0.00000 0.00000 0.00262 0.09943
0.00000 0.00000 0.00000 0.00000 0.79545 0.00000
