initial: 6
0.72032 0.00000 0.09224 0.18744 0.00000 0.00000

transition: 6
0.30819 0.00533 0.48844 0.00140 0.00000 0.19664
0.00057 0.20769 0.78659 0.00515 0.00000 0.00000
0.00115 0.50427 0.19578 0.29878 0.00000 0.00002
0.00045 0.20228 0.00003 0.59671 0.00002 0.20051
0.10506 0.00001 0.00000 0.00000 0.50132 0.39361
0.00033 0.39661 0.00001 0.00000 0.30173 0.30132

observation: 6
0.99519 0.49688 0.29719 0.09735 0.00137 0.09802
0.00217 0.00130 0.40348 0.09960 0.10361 0.09691
0.00254 0.00382 0.20012 0.80302 0.09082 0.30990
0.00010 0.49801 0.09922 0.00003 0.00753 0.39571
0.00000 0.00000 0.00000 0.00000 0.00285 0.09945
0.00000 0.00000 0.00000 0.00000 0.79384 0.00000
