initial: 6
0.14008 0.05714 0.12410 0.17135 0.00000 0.50733

transition: 6
0.29641 0.52715 0.14598 0.00181 0.01344 0.01521
0.16130 0.50841 0.28346 0.03169 0.00035 0.01479
0.42202 0.06943 0.02985 0.43602 0.00677 0.03592
0.20915 0.05531 0.07546 0.49168 0.00626 0.16214
0.08446 0.06234 0.00039 0.00087 0.56920 0.28274
0.33253 0.05802 0.00085 0.00002 0.39935 0.20923

observation: 6
0.35313 0.55669 0.16576 0.07686 0.01591 0.09639
0.05681 0.14560 0.45780 0.02199 0.09432 0.07773
0.09767 0.12189 0.27869 0.14578 0.11617 0.36131
0.49094 0.17515 0.00935 0.00237 0.04976 0.37112
0.00144 0.00066 0.08839 0.75300 0.02202 0.09098
0.00000 0.00000 0.00000 0.00000 0.70181 0.00246
