initial: 6
0.72321 0.00000 0.09031 0.18648 0.00000 0.00000

transition: 6
0.30820 0.01418 0.47847 0.00268 0.00000 0.19647
0.00065 0.22734 0.76069 0.01132 0.00000 0.00000
0.00206 0.51515 0.18232 0.30044 0.00000 0.00002
0.00148 0.20326 0.00003 0.59454 0.00002 0.20069
0.10522 0.00001 0.00000 0.00000 0.50693 0.38785
0.00080 0.40003 0.00001 0.00000 0.30419 0.29497

observation: 6
0.99345 0.49475 0.29352 0.09526 0.00293 0.09713
0.00251 0.00403 0.41156 0.09917 0.10385 0.09570
0.00315 0.00633 0.20218 0.80554 0.09103 0.31157
0.00089 0.49488 0.09275 0.00003 0.01240 0.39595
0.00000 0.00000 0.00000 0.00000 0.00398 0.09965
0.00000 0.00000 0.00000 0.00000 0.78582 0.00000
