initial: 6
0.71965 0.00000 0.09252 0.18783 0.00000 0.00000

transition: 6
0.30873 0.00108 0.49348 0.00022 0.00000 0.19649
0.00102 0.20006 0.79794 0.00098 0.00000 0.00000
0.00039 0.49906 0.20160 0.29893 0.00000 0.00002
0.00006 0.20186 0.00003 0.59788 0.00002 0.20016
0.10507 0.00001 0.00000 0.00000 0.49642 0.39850
0.00014 0.39356 0.00001 0.00000 0.29998 0.30631

observation: 6
0.99537 0.49826 0.29794 0.09837 0.00020 0.09835
0.00225 0.00009 0.39988 0.09989 0.10345 0.09762
0.00237 0.00200 0.20061 0.80171 0.09030 0.30880
0.00002 0.49966 0.10157 0.00003 0.00315 0.39576
0.00000 0.00000 0.00000 0.00000 0.00180 0.09947
0.00000 0.00000 0.00000 0.00000 0.80111 0.00000
