initial: 6
0.00218 0.16307 0.05911 0.20355 0.00000 0.57209

transition: 6
0.16030 0.51843 0.31758 0.00048 0.00084 0.00237
0.13904 0.44676 0.25978 0.08851 0.00001 0.06590
0.55621 0.03729 0.04103 0.36300 0.00093 0.00153
0.19116 0.02136 0.01397 0.58387 0.00057 0.18907
0.00517 0.10873 0.00000 0.00000 0.53281 0.35328
0.39943 0.01305 0.00001 0.00000 0.33828 0.24924

observation: 6
0.45424 0.57437 0.16896 0.09518 0.01359 0.09480
0.00931 0.10158 0.54431 0.08848 0.09899 0.08236
0.00380 0.19640 0.21058 0.18986 0.11061 0.32298
0.53239 0.12751 0.06358 0.00000 0.02257 0.39497
0.00025 0.00013 0.01257 0.62648 0.00505 0.10489
0.00000 0.00000 0.00000 0.00000 0.74919 0.00000
