initial: 6
0.48888 0.51112 0.00000 0.00000 0.00000 0.00000

transition: 6
0.24488 0.40322 0.03015 0.31455 0.00423 0.00297
0.01948 0.49554 0.21002 0.00298 0.00389 0.26809
0.03925 0.01255 0.17784 0.75781 0.00723 0.00531
0.00236 0.02033 0.01844 0.24386 0.52349 0.19152
0.00000 0.00004 0.00000 0.00000 0.50222 0.49773
0.81362 0.00064 0.01336 0.17210 0.00028 0.00000

observation: 6
0.00050 0.29796 0.01886 0.09655 0.29983 0.09511
0.07681 0.40391 0.00667 0.09575 0.00005 0.09700
0.42268 0.19605 0.44255 0.29621 0.30235 0.00000
0.50000 0.10206 0.45061 0.41056 0.00000 0.00000
0.00000 0.00002 0.08130 0.10093 0.00018 0.80789
0.00000 0.00000 0.00000 0.00000 0.39759 0.00000
