initial: 6
0.00001 0.10450 0.09619 0.21039 0.00000 0.58891

transition: 6
0.20235 0.20565 0.59193 0.00005 0.00001 0.00001
0.01678 0.28717 0.50895 0.00080 0.00000 0.18631
0.49543 0.00667 0.19536 0.30252 0.00001 0.00001
0.20076 0.00042 0.00098 0.59880 0.00001 0.19902
0.00001 0.10251 0.00000 0.00000 0.50172 0.39576
0.39723 0.00009 0.00000 0.00000 0.30328 0.29940

observation: 6
0.49425 0.69756 0.30166 0.10019 0.00004 0.09887
0.00195 0.00244 0.40039 0.09948 0.10254 0.09588
0.00004 0.29842 0.19969 0.19635 0.09784 0.30158
0.50373 0.00154 0.09810 0.00000 0.00258 0.40264
0.00003 0.00004 0.00016 0.60397 0.00194 0.10103
0.00000 0.00000 0.00000 0.00000 0.79506 0.00000
