initial: 6
0.71965 0.00000 0.09252 0.18782 0.00000 0.00000

transition: 6
0.30872 0.00114 0.49340 0.00025 0.00000 0.19650
0.00099 0.20016 0.79778 0.00107 0.00000 0.00000
0.00042 0.49910 0.20156 0.29891 0.00000 0.00002
0.00006 0.20187 0.00003 0.59786 0.00002 0.20017
0.10507 0.00001 0.00000 0.00000 0.49655 0.39837
0.00014 0.39363 0.00001 0.00000 0.30002 0.30620

observation: 6
0.99537 0.49824 0.29795 0.09836 0.00023 0.09835
0.00224 0.00009 0.39994 0.09989 0.10345 0.09761
0.00238 0.00203 0.20058 0.80173 0.09032 0.30882
0.00002 0.49965 0.10154 0.00003 0.00327 0.39575
0.00000 0.00000 0.00000 0.00000 0.00183 0.09946
0.00000 0.00000 0.00000 0.00000 0.80091 0.00000
