initial: 6
0.72583 0.00000 0.08846 0.18571 0.00000 0.00000

transition: 6
0.30836 0.02118 0.47078 0.00347 0.00000 0.19621
0.00080 0.24325 0.74066 0.01530 0.00000 0.00000
0.00274 0.52305 0.17213 0.30206 0.00000 0.00002
0.00230 0.20385 0.00003 0.59294 0.00002 0.20087
0.10540 0.00001 0.00000 0.00000 0.51059 0.38401
0.00119 0.40218 0.00001 0.00000 0.30590 0.29073

observation: 6
0.99173 0.49322 0.29023 0.09369 0.00391 0.09653
0.00293 0.00616 0.41793 0.09886 0.10404 0.09484
0.00367 0.00798 0.20460 0.80742 0.09128 0.31264
0.00166 0.49264 0.08724 0.00003 0.01547 0.39619
0.00000 0.00000 0.00000 0.00000 0.00471 0.09980
0.00000 0.00000 0.00000 0.00000 0.78059 0.00000
