initial: 6
0.00001 0.14384 0.06561 0.20941 0.00000 0.58114

transition: 6
0.18403 0.36434 0.45152 0.00008 0.00001 0.00002
0.13828 0.35014 0.32964 0.07641 0.00000 0.10553
0.52051 0.01935 0.13332 0.32680 0.00001 0.00001
0.19946 0.00738 0.00257 0.59680 0.00001 0.19378
0.00007 0.10984 0.00000 0.00000 0.51408 0.37601
0.40109 0.00184 0.00000 0.00000 0.31724 0.27983

observation: 6
0.48020 0.63865 0.22577 0.10110 0.00741 0.09446
0.00616 0.04812 0.48255 0.09600 0.09861 0.09317
0.00011 0.25526 0.18509 0.19571 0.10526 0.30738
0.51351 0.05794 0.10505 0.00000 0.00969 0.40167
0.00003 0.00004 0.00154 0.60719 0.00228 0.10331
0.00000 0.00000 0.00000 0.00000 0.77675 0.00000
