initial: 6
0.00001 0.14573 0.06424 0.20936 0.00000 0.58067

transition: 6
0.18171 0.37565 0.44252 0.00009 0.00001 0.00003
0.14054 0.35635 0.32163 0.07930 0.00000 0.10219
0.52260 0.01996 0.12908 0.32835 0.00001 0.00001
0.19918 0.00797 0.00274 0.59656 0.00001 0.19355
0.00010 0.11007 0.00000 0.00000 0.51490 0.37493
0.40123 0.00208 0.00000 0.00000 0.31812 0.27857

observation: 6
0.47900 0.63478 0.22049 0.10106 0.00777 0.09449
0.00638 0.05116 0.48826 0.09582 0.09851 0.09279
0.00013 0.25153 0.18485 0.19557 0.10564 0.30797
0.51446 0.06249 0.10469 0.00000 0.01020 0.40132
0.00003 0.00004 0.00170 0.60754 0.00235 0.10343
0.00000 0.00000 0.00000 0.00000 0.77554 0.00000
