initial: 6
0.49051 0.50949 0.00000 0.00000 0.00000 0.00000

transition: 6
0.27256 0.42174 0.01290 0.29021 0.00038 0.00222
0.00719 0.50553 0.20083 0.00033 0.00012 0.28601
0.00844 0.00240 0.21653 0.76852 0.00078 0.00333
0.00055 0.00746 0.00853 0.24521 0.53243 0.20582
0.00000 0.00000 0.00000 0.00000 0.50096 0.49904
0.74839 0.00024 0.06738 0.18400 0.00000 0.00000

observation: 6
0.00017 0.29685 0.00970 0.10154 0.29833 0.09730
0.08269 0.39907 0.00037 0.09919 0.00000 0.09929
0.41775 0.19843 0.47408 0.29575 0.30271 0.00000
0.49939 0.10565 0.48683 0.40395 0.00000 0.00000
0.00000 0.00000 0.02903 0.09957 0.00000 0.80341
0.00000 0.00000 0.00000 0.00000 0.39896 0.00000
