initial: 6
0.71860 0.00000 0.09439 0.18701 0.00000 0.00000

transition: 6
0.29598 0.00751 0.50692 0.00044 0.00000 0.18915
0.19936 0.20031 0.60024 0.00006 0.00000 0.00003
0.00321 0.49592 0.20110 0.29962 0.00001 0.00015
0.00010 0.20222 0.00017 0.59771 0.00001 0.19980
0.10736 0.00001 0.00000 0.00000 0.49947 0.39317
0.00033 0.39348 0.00001 0.00000 0.30420 0.30198

observation: 6
0.69592 0.49746 0.30283 0.09992 0.00007 0.09769
0.00093 0.00070 0.39789 0.09977 0.10233 0.09734
0.30262 0.00020 0.20018 0.19616 0.09687 0.30215
0.00050 0.50163 0.09897 0.00000 0.00048 0.40398
0.00004 0.00002 0.00013 0.60415 0.00279 0.09885
0.00000 0.00000 0.00000 0.00000 0.79746 0.00000
