initial: 6
0.00001 0.10484 0.09596 0.21036 0.00000 0.58882

transition: 6
0.20236 0.20652 0.59105 0.00005 0.00001 0.00001
0.01870 0.28720 0.50744 0.00108 0.00000 0.18558
0.49546 0.00684 0.19488 0.30281 0.00001 0.00001
0.20075 0.00050 0.00102 0.59876 0.00001 0.19896
0.00001 0.10266 0.00000 0.00000 0.50188 0.39546
0.39730 0.00009 0.00000 0.00000 0.30344 0.29918

observation: 6
0.49412 0.69700 0.30131 0.10019 0.00008 0.09880
0.00203 0.00277 0.40083 0.09941 0.10248 0.09589
0.00004 0.29831 0.19958 0.19633 0.09793 0.30159
0.50379 0.00188 0.09812 0.00000 0.00274 0.40265
0.00003 0.00004 0.00016 0.60407 0.00194 0.10108
0.00000 0.00000 0.00000 0.00000 0.79484 0.00000
