initial: 6
0.00001 0.10368 0.09678 0.21045 0.00000 0.58909

transition: 6
0.20229 0.20358 0.59406 0.00005 0.00001 0.00001
0.01183 0.28723 0.51265 0.00026 0.00000 0.18804
0.49542 0.00622 0.19655 0.30179 0.00001 0.00001
0.20079 0.00023 0.00096 0.59885 0.00001 0.19916
0.00001 0.10212 0.00000 0.00000 0.50132 0.39655
0.39704 0.00009 0.00000 0.00000 0.30290 0.29997

observation: 6
0.49459 0.69895 0.30247 0.10020 0.00003 0.09899
0.00176 0.00164 0.39934 0.09965 0.10269 0.09585
0.00004 0.29862 0.19996 0.19639 0.09760 0.30159
0.50358 0.00076 0.09809 0.00000 0.00214 0.40266
0.00003 0.00004 0.00015 0.60376 0.00193 0.10091
0.00000 0.00000 0.00000 0.00000 0.79562 0.00000
