initial: 6
0.50731 0.49269 0.00000 0.00000 0.00000 0.00000

transition: 6
0.29025 0.50466 0.00765 0.19581 0.00002 0.00160
0.00239 0.50155 0.19841 0.00004 0.00001 0.29761
0.00247 0.00045 0.20678 0.78575 0.00006 0.00450
0.00016 0.00233 0.00484 0.27283 0.51850 0.20135
0.00000 0.00000 0.00000 0.00000 0.50093 0.49907
0.60423 0.00005 0.20351 0.19222 0.00000 0.00000

observation: 6
0.00008 0.29945 0.00313 0.10009 0.29861 0.09818
0.09954 0.39623 0.00002 0.10134 0.00000 0.10041
0.40468 0.20013 0.48761 0.29545 0.30256 0.00000
0.49570 0.10419 0.50544 0.40314 0.00000 0.00000
0.00000 0.00000 0.00381 0.09999 0.00000 0.80141
0.00000 0.00000 0.00000 0.00000 0.39883 0.00000
