initial: 6
0.71994 0.00000 0.09244 0.18762 0.00000 0.00000

transition: 6
0.30831 0.00367 0.49035 0.00104 0.00000 0.19664
0.00062 0.20441 0.79127 0.00370 0.00000 0.00000
0.00093 0.50214 0.19824 0.29867 0.00000 0.00002
0.00025 0.20211 0.00003 0.59716 0.00002 0.20043
0.10505 0.00001 0.00000 0.00000 0.49984 0.39511
0.00025 0.39567 0.00001 0.00000 0.30115 0.30292

observation: 6
0.99536 0.49737 0.29767 0.09777 0.00097 0.09819
0.00217 0.00077 0.40203 0.09971 0.10355 0.09718
0.00245 0.00320 0.20006 0.80250 0.09072 0.30952
0.00002 0.49865 0.10024 0.00003 0.00622 0.39568
0.00000 0.00000 0.00000 0.00000 0.00254 0.09943
0.00000 0.00000 0.00000 0.00000 0.79600 0.00000
