initial: 6
0.71968 0.00000 0.09251 0.18781 0.00000 0.00000

transition: 6
0.30866 0.00140 0.49308 0.00034 0.00000 0.19653
0.00090 0.20056 0.79716 0.00138 0.00000 0.00000
0.00051 0.49939 0.20123 0.29885 0.00000 0.00002
0.00006 0.20190 0.00003 0.59779 0.00002 0.20021
0.10506 0.00001 0.00000 0.00000 0.49700 0.39793
0.00014 0.39391 0.00001 0.00000 0.30017 0.30578

observation: 6
0.99537 0.49814 0.29797 0.09831 0.00032 0.09836
0.00223 0.00015 0.40014 0.09987 0.10346 0.09756
0.00238 0.00217 0.20047 0.80180 0.09039 0.30891
0.00002 0.49954 0.10142 0.00003 0.00369 0.39572
0.00000 0.00000 0.00000 0.00000 0.00192 0.09946
0.00000 0.00000 0.00000 0.00000 0.80024 0.00000
