initial: 6
0.50735 0.49265 0.00000 0.00000 0.00000 0.00000

transition: 6
0.29099 0.50837 0.00731 0.19240 0.00002 0.00092
0.00135 0.50202 0.19843 0.00004 0.00001 0.29816
0.00212 0.00029 0.20377 0.78838 0.00005 0.00540
0.00016 0.00160 0.00442 0.27862 0.51501 0.20019
0.00000 0.00000 0.00000 0.00000 0.50087 0.49913
0.59923 0.00005 0.20672 0.19401 0.00000 0.00000

observation: 6
0.00008 0.29939 0.00218 0.09989 0.29877 0.09836
0.09999 0.39615 0.00002 0.10138 0.00000 0.10052
0.40433 0.20024 0.48896 0.29568 0.30244 0.00000
0.49560 0.10423 0.50645 0.40305 0.00000 0.00000
0.00000 0.00000 0.00238 0.10000 0.00000 0.80113
0.00000 0.00000 0.00000 0.00000 0.39879 0.00000
