initial: 6
0.78404 0.00002 0.07299 0.14295 0.00000 0.00000

transition: 6
0.38620 0.36228 0.17935 0.00687 0.00837 0.05693
0.19038 0.59057 0.19511 0.02014 0.00058 0.00322
0.13020 0.19887 0.02069 0.56179 0.00519 0.08325
0.09809 0.12653 0.07608 0.46672 0.00602 0.22656
0.11527 0.01208 0.00010 0.00069 0.61307 0.25878
0.31114 0.16013 0.00188 0.00000 0.31802 0.20883

observation: 6
0.61162 0.37082 0.25742 0.05196 0.02635 0.05957
0.03856 0.19738 0.41425 0.01546 0.10586 0.06466
0.23793 0.05980 0.26258 0.14475 0.15825 0.24357
0.10865 0.36993 0.01097 0.00192 0.02858 0.55189
0.00324 0.00207 0.05479 0.78591 0.03099 0.07013
0.00000 0.00000 0.00000 0.00000 0.64996 0.01017
