initial: 6
0.50705 0.49295 0.00000 0.00000 0.00000 0.00000

transition: 6
0.29147 0.50906 0.00653 0.19262 0.00002 0.00031
0.00053 0.50248 0.19859 0.00004 0.00001 0.29835
0.00240 0.00027 0.20235 0.78879 0.00005 0.00614
0.00016 0.00099 0.00434 0.28127 0.51346 0.19979
0.00000 0.00000 0.00000 0.00000 0.50086 0.49914
0.59836 0.00005 0.20665 0.19493 0.00000 0.00000

observation: 6
0.00021 0.29929 0.00154 0.09975 0.29888 0.09846
0.09999 0.39612 0.00002 0.10134 0.00000 0.10054
0.40425 0.20028 0.48981 0.29585 0.30238 0.00000
0.49556 0.10432 0.50697 0.40305 0.00000 0.00000
0.00000 0.00000 0.00166 0.10001 0.00000 0.80099
0.00000 0.00000 0.00000 0.00000 0.39874 0.00000
