initial: 6
0.71964 0.00000 0.09350 0.18687 0.00000 0.00000

transition: 6
0.29591 0.00974 0.50519 0.00078 0.00000 0.18838
0.20017 0.20091 0.59884 0.00006 0.00000 0.00003
0.00349 0.49643 0.19980 0.30013 0.00001 0.00015
0.00018 0.20229 0.00017 0.59760 0.00001 0.19975
0.10745 0.00001 0.00000 0.00000 0.49992 0.39262
0.00058 0.39351 0.00001 0.00000 0.30447 0.30142

observation: 6
0.69549 0.49702 0.30237 0.09989 0.00017 0.09760
0.00127 0.00114 0.39848 0.09960 0.10226 0.09725
0.30262 0.00025 0.20013 0.19608 0.09690 0.30228
0.00059 0.50157 0.09888 0.00000 0.00101 0.40392
0.00004 0.00002 0.00013 0.60443 0.00278 0.09896
0.00000 0.00000 0.00000 0.00000 0.79687 0.00000
