initial: 6
0.75916 0.00000 0.06042 0.18041 0.00000 0.00000

transition: 6
0.30205 0.09632 0.43464 0.01010 0.00000 0.15689
0.22551 0.28486 0.47547 0.01413 0.00000 0.00003
0.01289 0.56942 0.07181 0.34336 0.00014 0.00237
0.00676 0.20819 0.00137 0.58828 0.00007 0.19534
0.10779 0.00002 0.00000 0.00000 0.51810 0.37409
0.01453 0.39525 0.00001 0.00000 0.31848 0.27174

observation: 6
0.67461 0.47091 0.26890 0.09417 0.00643 0.09417
0.01851 0.03784 0.44588 0.09307 0.10543 0.08381
0.30071 0.00458 0.21216 0.19454 0.09909 0.30836
0.00596 0.48662 0.06896 0.00000 0.01237 0.41267
0.00021 0.00006 0.00410 0.61822 0.00414 0.10099
0.00000 0.00000 0.00000 0.00000 0.77254 0.00000
