initial: 6
0.71970 0.00000 0.09250 0.18780 0.00000 0.00000

transition: 6
0.30859 0.00174 0.49264 0.00047 0.00000 0.19656
0.00082 0.20106 0.79635 0.00176 0.00000 0.00000
0.00059 0.49977 0.20084 0.29879 0.00000 0.00002
0.00006 0.20193 0.00003 0.59770 0.00002 0.20026
0.10506 0.00001 0.00000 0.00000 0.49754 0.39739
0.00014 0.39425 0.00001 0.00000 0.30035 0.30526

observation: 6
0.99537 0.49803 0.29797 0.09825 0.00042 0.09836
0.00222 0.00023 0.40041 0.09984 0.10347 0.09751
0.00239 0.00234 0.20035 0.80188 0.09048 0.30900
0.00002 0.49940 0.10127 0.00003 0.00418 0.39569
0.00000 0.00000 0.00000 0.00000 0.00204 0.09945
0.00000 0.00000 0.00000 0.00000 0.79941 0.00000
