initial: 6
0.50712 0.49288 0.00000 0.00000 0.00000 0.00000

transition: 6
0.29139 0.50895 0.00672 0.19249 0.00002 0.00044
0.00068 0.50240 0.19855 0.00004 0.00001 0.29832
0.00227 0.00027 0.20259 0.78881 0.00005 0.00601
0.00016 0.00112 0.00434 0.28081 0.51373 0.19984
0.00000 0.00000 0.00000 0.00000 0.50086 0.49914
0.59851 0.00005 0.20669 0.19476 0.00000 0.00000

observation: 6
0.00018 0.29930 0.00167 0.09977 0.29886 0.09844
0.09999 0.39612 0.00002 0.10135 0.00000 0.10054
0.40426 0.20027 0.48965 0.29582 0.30238 0.00000
0.49557 0.10430 0.50687 0.40305 0.00000 0.00000
0.00000 0.00000 0.00179 0.10001 0.00000 0.80101
0.00000 0.00000 0.00000 0.00000 0.39875 0.00000
