initial: 6
0.00001 0.14948 0.06162 0.20923 0.00000 0.57967

transition: 6
0.17654 0.39936 0.42393 0.00011 0.00001 0.00006
0.14369 0.37002 0.30633 0.08426 0.00000 0.09571
0.52712 0.02131 0.11965 0.33190 0.00001 0.00001
0.19851 0.00932 0.00316 0.59594 0.00001 0.19306
0.00019 0.11053 0.00000 0.00000 0.51670 0.37258
0.40145 0.00270 0.00000 0.00000 0.32005 0.27581

observation: 6
0.47622 0.62644 0.20988 0.10091 0.00850 0.09463
0.00688 0.05780 0.49982 0.09541 0.09832 0.09188
0.00019 0.24358 0.18490 0.19522 0.10641 0.30930
0.51669 0.07214 0.10329 0.00000 0.01137 0.40053
0.00003 0.00004 0.00211 0.60846 0.00253 0.10366
0.00000 0.00000 0.00000 0.00000 0.77287 0.00000
