initial: 6
0.50733 0.49267 0.00000 0.00000 0.00000 0.00000

transition: 6
0.29101 0.50842 0.00728 0.19238 0.00002 0.00089
0.00131 0.50204 0.19843 0.00004 0.00001 0.29817
0.00212 0.00028 0.20368 0.78844 0.00005 0.00544
0.00016 0.00157 0.00441 0.27879 0.51491 0.20016
0.00000 0.00000 0.00000 0.00000 0.50087 0.49913
0.59916 0.00005 0.20673 0.19406 0.00000 0.00000

observation: 6
0.00008 0.29938 0.00215 0.09988 0.29878 0.09836
0.09999 0.39615 0.00002 0.10138 0.00000 0.10052
0.40432 0.20024 0.48901 0.29569 0.30243 0.00000
0.49560 0.10423 0.50648 0.40305 0.00000 0.00000
0.00000 0.00000 0.00234 0.10000 0.00000 0.80112
0.00000 0.00000 0.00000 0.00000 0.39879 0.00000
