initial: 6
0.00001 0.12010 0.08429 0.20995 0.00000 0.58564

transition: 6
0.20019 0.25356 0.54618 0.00005 0.00001 0.00001
0.08098 0.30054 0.43836 0.02807 0.00000 0.15205
0.50175 0.01227 0.17339 0.31258 0.00001 0.00001
0.20080 0.00280 0.00154 0.59824 0.00001 0.19661
0.00001 0.10660 0.00000 0.00000 0.50658 0.38682
0.39902 0.00046 0.00000 0.00000 0.30895 0.29156

observation: 6
0.48934 0.67575 0.28005 0.10060 0.00303 0.09591
0.00405 0.01841 0.42469 0.09772 0.10049 0.09562
0.00004 0.28791 0.19374 0.19623 0.10095 0.30278
0.50654 0.01789 0.10097 0.00000 0.00554 0.40354
0.00003 0.00004 0.00056 0.60545 0.00194 0.10215
0.00000 0.00000 0.00000 0.00000 0.78806 0.00000
