initial: 6
0.71975 0.00000 0.09249 0.18776 0.00000 0.00000

transition: 6
0.30850 0.00224 0.49203 0.00063 0.00000 0.19659
0.00074 0.20188 0.79507 0.00231 0.00000 0.00000
0.00068 0.50037 0.20020 0.29872 0.00000 0.00002
0.00010 0.20197 0.00003 0.59756 0.00002 0.20033
0.10505 0.00001 0.00000 0.00000 0.49824 0.39670
0.00014 0.39470 0.00001 0.00000 0.30058 0.30457

observation: 6
0.99538 0.49785 0.29793 0.09813 0.00058 0.09833
0.00220 0.00036 0.40083 0.09980 0.10349 0.09742
0.00240 0.00259 0.20022 0.80204 0.09057 0.30914
0.00002 0.49920 0.10102 0.00003 0.00481 0.39567
0.00000 0.00000 0.00000 0.00000 0.00220 0.09943
0.00000 0.00000 0.00000 0.00000 0.79837 0.00000
