initial: 6
0.72963 0.00000 0.08503 0.18534 0.00000 0.00000

transition: 6
0.29653 0.02959 0.48883 0.00408 0.00000 0.18098
0.20678 0.21228 0.57928 0.00163 0.00000 0.00003
0.00552 0.50576 0.18263 0.30571 0.00001 0.00037
0.00130 0.20366 0.00018 0.59613 0.00001 0.19872
0.10799 0.00001 0.00000 0.00000 0.50336 0.38865
0.00260 0.39413 0.00001 0.00000 0.30756 0.29570

observation: 6
0.69122 0.49275 0.29662 0.09902 0.00190 0.09610
0.00478 0.00610 0.40642 0.09808 0.10198 0.09582
0.30220 0.00110 0.20088 0.19556 0.09672 0.30402
0.00177 0.50004 0.09554 0.00000 0.00433 0.40446
0.00004 0.00002 0.00054 0.60734 0.00267 0.09960
0.00000 0.00000 0.00000 0.00000 0.79240 0.00000
