initial: 6
0.72058 0.00000 0.09269 0.18673 0.00000 0.00000

transition: 6
0.29587 0.01172 0.50361 0.00110 0.00000 0.18771
0.20084 0.20165 0.59734 0.00014 0.00000 0.00003
0.00373 0.49705 0.19848 0.30059 0.00001 0.00015
0.00028 0.20239 0.00017 0.59747 0.00001 0.19968
0.10752 0.00001 0.00000 0.00000 0.50031 0.39216
0.00079 0.39357 0.00001 0.00000 0.30476 0.30087

observation: 6
0.69511 0.49662 0.30193 0.09983 0.00032 0.09747
0.00158 0.00155 0.39911 0.09945 0.10221 0.09716
0.30258 0.00035 0.20012 0.19600 0.09692 0.30240
0.00069 0.50147 0.09871 0.00000 0.00144 0.40393
0.00004 0.00002 0.00013 0.60471 0.00277 0.09904
0.00000 0.00000 0.00000 0.00000 0.79635 0.00000
