initial: 6
0.71983 0.00000 0.09248 0.18769 0.00000 0.00000

transition: 6
0.30838 0.00305 0.49106 0.00088 0.00000 0.19662
0.00066 0.20329 0.79293 0.00312 0.00000 0.00000
0.00084 0.50137 0.19910 0.29867 0.00000 0.00002
0.00018 0.20205 0.00003 0.59733 0.00002 0.20040
0.10504 0.00001 0.00000 0.00000 0.49921 0.39574
0.00021 0.39528 0.00001 0.00000 0.30092 0.30358

observation: 6
0.99540 0.49757 0.29780 0.09793 0.00081 0.09825
0.00217 0.00059 0.40151 0.09975 0.10352 0.09728
0.00241 0.00295 0.20011 0.80230 0.09066 0.30936
0.00002 0.49889 0.10059 0.00003 0.00566 0.39567
0.00000 0.00000 0.00000 0.00000 0.00241 0.09943
0.00000 0.00000 0.00000 0.00000 0.79693 0.00000
