initial: 6
0.00004 0.15496 0.05814 0.20887 0.00000 0.57799

transition: 6
0.16806 0.43708 0.39452 0.00016 0.00003 0.00016
0.14497 0.39326 0.28602 0.08927 0.00000 0.08648
0.53502 0.02398 0.10197 0.33896 0.00004 0.00003
0.19722 0.01181 0.00419 0.59460 0.00003 0.19215
0.00049 0.11109 0.00000 0.00000 0.51995 0.36846
0.40154 0.00410 0.00000 0.00000 0.32357 0.27079

observation: 6
0.47084 0.61232 0.19464 0.10037 0.00967 0.09495
0.00774 0.06949 0.51654 0.09461 0.09811 0.09005
0.00038 0.23058 0.18682 0.19441 0.10756 0.31183
0.52099 0.08756 0.09889 0.00000 0.01359 0.39915
0.00005 0.00004 0.00311 0.61060 0.00292 0.10402
0.00000 0.00000 0.00000 0.00000 0.76815 0.00000
