initial: 6
0.50705 0.49295 0.00000 0.00000 0.00000 0.00000

transition: 6
0.29148 0.50908 0.00651 0.19262 0.00002 0.00029
0.00051 0.50249 0.19860 0.00004 0.00001 0.29836
0.00242 0.00027 0.20230 0.78880 0.00005 0.00616
0.00016 0.00097 0.00434 0.28132 0.51343 0.19979
0.00000 0.00000 0.00000 0.00000 0.50086 0.49914
0.59835 0.00005 0.20665 0.19496 0.00000 0.00000

observation: 6
0.00021 0.29928 0.00152 0.09974 0.29888 0.09846
0.09999 0.39612 0.00002 0.10134 0.00000 0.10054
0.40424 0.20028 0.48983 0.29586 0.30237 0.00000
0.49555 0.10432 0.50698 0.40305 0.00000 0.00000
0.00000 0.00000 0.00164 0.10001 0.00000 0.80099
0.00000 0.00000 0.00000 0.00000 0.39874 0.00000
