initial: 6
0.00001 0.10901 0.09301 0.21019 0.00000 0.58777

transition: 6
0.20241 0.21769 0.57983 0.00005 0.00001 0.00001
0.03911 0.28903 0.48909 0.00632 0.00000 0.17644
0.49650 0.00864 0.18894 0.30591 0.00001 0.00001
0.20072 0.00127 0.00122 0.59854 0.00001 0.19825
0.00001 0.10412 0.00000 0.00000 0.50342 0.39245
0.39793 0.00019 0.00000 0.00000 0.30519 0.29669

observation: 6
0.49263 0.69068 0.29657 0.10023 0.00081 0.09784
0.00280 0.00690 0.40649 0.09876 0.10183 0.09590
0.00004 0.29635 0.19817 0.19624 0.09888 0.30178
0.50451 0.00603 0.09847 0.00000 0.00388 0.40300
0.00003 0.00004 0.00029 0.60477 0.00194 0.10149
0.00000 0.00000 0.00000 0.00000 0.79266 0.00000
