initial: 6
1.00000 0.00000 0.00000 0.00000 0.00000 0.00000

transition: 6
0.49249 0.26231 0.10587 0.13730 0.00108 0.00095
0.05062 0.34469 0.43452 0.15816 0.00622 0.00579
0.00906 0.03823 0.31507 0.55650 0.04397 0.03717
0.00087 0.00988 0.07881 0.43590 0.36016 0.11439
0.08916 0.23785 0.01955 0.00000 0.18840 0.46504
0.27650 0.28121 0.02130 0.00001 0.05831 0.36268

observation: 6
0.28865 0.04223 0.02429 0.08552 0.02139 0.00015
0.24207 0.06282 0.03046 0.08444 0.02099 0.00035
0.46884 0.88129 0.64881 0.22148 0.03953 0.07808
0.00012 0.01326 0.28901 0.51375 0.00852 0.00000
0.00000 0.00014 0.00742 0.09466 0.00980 0.00000
0.00032 0.00026 0.00001 0.00015 0.89978 0.92142
