initial: 6
0.50746 0.49254 0.00000 0.00000 0.00000 0.00000

transition: 6
0.29071 0.50742 0.00752 0.19308 0.00002 0.00125
0.00181 0.50176 0.19841 0.00004 0.00001 0.29797
0.00223 0.00038 0.20498 0.78738 0.00006 0.00498
0.00016 0.00192 0.00458 0.27631 0.51641 0.20061
0.00000 0.00000 0.00000 0.00000 0.50090 0.49910
0.60050 0.00005 0.20619 0.19326 0.00000 0.00000

observation: 6
0.00008 0.29943 0.00256 0.09997 0.29870 0.09828
0.09991 0.39616 0.00002 0.10139 0.00000 0.10048
0.40440 0.20021 0.48837 0.29557 0.30248 0.00000
0.49561 0.10420 0.50610 0.40307 0.00000 0.00000
0.00000 0.00000 0.00295 0.09999 0.00000 0.80124
0.00000 0.00000 0.00000 0.00000 0.39881 0.00000
