initial: 6
0.72024 0.00000 0.09229 0.18747 0.00000 0.00000

transition: 6
0.30821 0.00503 0.48878 0.00134 0.00000 0.19665
0.00057 0.20707 0.78745 0.00490 0.00000 0.00000
0.00111 0.50389 0.19623 0.29875 0.00000 0.00002
0.00041 0.20225 0.00003 0.59679 0.00002 0.20050
0.10505 0.00001 0.00000 0.00000 0.50108 0.39386
0.00031 0.39646 0.00001 0.00000 0.30163 0.30159

observation: 6
0.99523 0.49696 0.29729 0.09743 0.00130 0.09805
0.00217 0.00120 0.40321 0.09962 0.10360 0.09696
0.00252 0.00371 0.20009 0.80293 0.09080 0.30984
0.00008 0.49812 0.09941 0.00003 0.00731 0.39571
0.00000 0.00000 0.00000 0.00000 0.00280 0.09945
0.00000 0.00000 0.00000 0.00000 0.79419 0.00000
