initial: 6
0.00001 0.10731 0.09426 0.21024 0.00000 0.58819

transition: 6
0.20249 0.21297 0.58447 0.00005 0.00001 0.00001
0.03135 0.28801 0.49661 0.00383 0.00000 0.18020
0.49596 0.00798 0.19132 0.30471 0.00001 0.00001
0.20071 0.00099 0.00117 0.59860 0.00001 0.19853
0.00001 0.10358 0.00000 0.00000 0.50284 0.39357
0.39770 0.00014 0.00000 0.00000 0.30452 0.29764

observation: 6
0.49319 0.69318 0.29860 0.10019 0.00047 0.09823
0.00252 0.00520 0.40413 0.09898 0.10208 0.09590
0.00004 0.29727 0.19877 0.19626 0.09852 0.30169
0.50422 0.00433 0.09826 0.00000 0.00351 0.40284
0.00003 0.00004 0.00024 0.60457 0.00194 0.10134
0.00000 0.00000 0.00000 0.00000 0.79348 0.00000
