initial: 6
1.00000 0.00000 0.00000 0.00000 0.00000 0.00000

transition: 6
0.51645 0.18375 0.13128 0.16847 0.00003 0.00002
0.03533 0.49426 0.32762 0.14273 0.00004 0.00003
0.00416 0.02494 0.31045 0.59376 0.03577 0.03092
0.00012 0.00334 0.10796 0.43651 0.33718 0.11489
0.04928 0.43587 0.00072 0.00000 0.14684 0.36728
0.07890 0.42862 0.00053 0.00000 0.06916 0.42279

observation: 6
0.40744 0.05564 0.02499 0.09217 0.00565 0.00000
0.32892 0.07236 0.02541 0.09252 0.00707 0.00000
0.26299 0.87196 0.59196 0.26654 0.00823 0.00195
0.00065 0.00004 0.35373 0.45273 0.00021 0.00000
0.00000 0.00000 0.00391 0.09605 0.00067 0.00000
0.00000 0.00000 0.00000 0.00000 0.97817 0.99804
