initial: 6
0.50730 0.49270 0.00000 0.00000 0.00000 0.00000

transition: 6
0.29106 0.50851 0.00722 0.19236 0.00002 0.00083
0.00123 0.50209 0.19844 0.00004 0.00001 0.29819
0.00212 0.00027 0.20352 0.78854 0.00005 0.00550
0.00016 0.00152 0.00439 0.27911 0.51472 0.20011
0.00000 0.00000 0.00000 0.00000 0.50087 0.49913
0.59904 0.00005 0.20675 0.19417 0.00000 0.00000

observation: 6
0.00008 0.29937 0.00209 0.09987 0.29879 0.09838
0.09999 0.39615 0.00002 0.10138 0.00000 0.10052
0.40432 0.20024 0.48910 0.29571 0.30243 0.00000
0.49561 0.10424 0.50653 0.40304 0.00000 0.00000
0.00000 0.00000 0.00226 0.10000 0.00000 0.80110
0.00000 0.00000 0.00000 0.00000 0.39878 0.00000
