initial: 6
0.50719 0.49281 0.00000 0.00000 0.00000 0.00000

transition: 6
0.29122 0.50877 0.00698 0.19240 0.00002 0.00062
0.00094 0.50225 0.19850 0.00004 0.00001 0.29827
0.00214 0.00027 0.20298 0.78881 0.00005 0.00576
0.00016 0.00132 0.00434 0.28023 0.51402 0.19993
0.00000 0.00000 0.00000 0.00000 0.50085 0.49915
0.59865 0.00005 0.20675 0.19455 0.00000 0.00000

observation: 6
0.00008 0.29935 0.00191 0.09983 0.29883 0.09842
0.10000 0.39615 0.00002 0.10137 0.00000 0.10054
0.40430 0.20025 0.48941 0.29577 0.30240 0.00000
0.49561 0.10425 0.50669 0.40303 0.00000 0.00000
0.00000 0.00000 0.00198 0.10000 0.00000 0.80104
0.00000 0.00000 0.00000 0.00000 0.39877 0.00000
