initial: 6
0.48719 0.51281 0.00000 0.00000 0.00000 0.00000

transition: 6
0.25714 0.40343 0.02268 0.31230 0.00200 0.00245
0.01316 0.50219 0.20568 0.00132 0.00119 0.27646
0.02166 0.00688 0.20466 0.75921 0.00325 0.00434
0.00133 0.01364 0.01406 0.23992 0.53027 0.20078
0.00000 0.00000 0.00000 0.00000 0.50140 0.49860
0.79853 0.00042 0.02208 0.17893 0.00003 0.00000

observation: 6
0.00027 0.29706 0.01329 0.10076 0.29870 0.09643
0.07793 0.40185 0.00260 0.09815 0.00000 0.09828
0.42177 0.19705 0.45740 0.29528 0.30266 0.00000
0.50002 0.10404 0.46988 0.40547 0.00000 0.00000
0.00000 0.00000 0.05683 0.10034 0.00003 0.80529
0.00000 0.00000 0.00000 0.00000 0.39861 0.00000
