initial: 6
0.71898 0.00000 0.09407 0.18695 0.00000 0.00000

transition: 6
0.29593 0.00842 0.50624 0.00056 0.00000 0.18885
0.19968 0.20053 0.59970 0.00006 0.00000 0.00003
0.00333 0.49610 0.20059 0.29982 0.00001 0.00015
0.00010 0.20226 0.00017 0.59767 0.00001 0.19979
0.10740 0.00001 0.00000 0.00000 0.49963 0.39297
0.00045 0.39347 0.00001 0.00000 0.30429 0.30178

observation: 6
0.69576 0.49730 0.30265 0.09991 0.00007 0.09769
0.00105 0.00088 0.39811 0.09970 0.10230 0.09730
0.30264 0.00020 0.20017 0.19614 0.09687 0.30221
0.00052 0.50161 0.09895 0.00000 0.00071 0.40392
0.00004 0.00002 0.00013 0.60424 0.00279 0.09888
0.00000 0.00000 0.00000 0.00000 0.79726 0.00000
