initial: 6
0.73564 0.00000 0.07992 0.18444 0.00000 0.00000

transition: 6
0.29757 0.04140 0.47883 0.00588 0.00000 0.17632
0.21088 0.22204 0.56389 0.00316 0.00000 0.00003
0.00658 0.51411 0.16829 0.31046 0.00001 0.00055
0.00195 0.20485 0.00024 0.59506 0.00001 0.19790
0.10816 0.00001 0.00000 0.00000 0.50526 0.38657
0.00393 0.39437 0.00001 0.00000 0.30950 0.29220

observation: 6
0.68834 0.48972 0.29223 0.09839 0.00282 0.09537
0.00722 0.01011 0.41253 0.09711 0.10216 0.09441
0.30186 0.00162 0.20193 0.19538 0.09649 0.30524
0.00254 0.49853 0.09242 0.00000 0.00584 0.40511
0.00004 0.00002 0.00089 0.60911 0.00274 0.09986
0.00000 0.00000 0.00000 0.00000 0.78995 0.00000
