initial: 6
0.78702 0.00000 0.05203 0.16096 0.00000 0.00000

transition: 6
0.23730 0.22797 0.38683 0.05664 0.00043 0.09083
0.07121 0.39708 0.49754 0.03417 0.00000 0.00001
0.10235 0.55848 0.01072 0.32425 0.00001 0.00419
0.06410 0.11271 0.00332 0.56338 0.00333 0.25316
0.10646 0.00016 0.00000 0.00000 0.63053 0.26285
0.07644 0.44637 0.00764 0.00000 0.31651 0.15304

observation: 6
0.94341 0.37625 0.21635 0.06146 0.02663 0.08809
0.01606 0.06413 0.51060 0.08560 0.11209 0.06436
0.02724 0.05241 0.26172 0.85027 0.12352 0.32841
0.01329 0.50721 0.01132 0.00267 0.08273 0.42943
0.00000 0.00000 0.00000 0.00000 0.02912 0.08971
0.00000 0.00000 0.00000 0.00000 0.62591 0.00000
