initial: 6
0.50737 0.49263 0.00000 0.00000 0.00000 0.00000

transition: 6
0.29034 0.50532 0.00763 0.19514 0.00002 0.00155
0.00229 0.50157 0.19840 0.00004 0.00001 0.29769
0.00242 0.00044 0.20645 0.78605 0.00006 0.00458
0.00016 0.00226 0.00479 0.27347 0.51811 0.20121
0.00000 0.00000 0.00000 0.00000 0.50093 0.49907
0.60334 0.00005 0.20421 0.19240 0.00000 0.00000

observation: 6
0.00008 0.29945 0.00302 0.10007 0.29863 0.09819
0.09963 0.39622 0.00002 0.10135 0.00000 0.10042
0.40461 0.20015 0.48773 0.29547 0.30254 0.00000
0.49567 0.10419 0.50557 0.40312 0.00000 0.00000
0.00000 0.00000 0.00365 0.09999 0.00000 0.80138
0.00000 0.00000 0.00000 0.00000 0.39883 0.00000
