initial: 6
0.72075 0.00000 0.09198 0.18727 0.00000 0.00000

transition: 6
0.30814 0.00688 0.48666 0.00168 0.00000 0.19663
0.00057 0.21095 0.78211 0.00637 0.00000 0.00000
0.00133 0.50623 0.19344 0.29898 0.00000 0.00002
0.00063 0.20246 0.00003 0.59631 0.00002 0.20055
0.10507 0.00001 0.00000 0.00000 0.50250 0.39242
0.00041 0.39734 0.00001 0.00000 0.30221 0.30002

observation: 6
0.99496 0.49647 0.29664 0.09697 0.00169 0.09785
0.00221 0.00178 0.40487 0.09952 0.10365 0.09668
0.00264 0.00432 0.20032 0.80348 0.09087 0.31024
0.00020 0.49744 0.09817 0.00003 0.00856 0.39575
0.00000 0.00000 0.00000 0.00000 0.00309 0.09948
0.00000 0.00000 0.00000 0.00000 0.79214 0.00000
