initial: 6
0.00001 0.11101 0.09152 0.21014 0.00000 0.58732

transition: 6
0.20223 0.22349 0.57422 0.00005 0.00001 0.00001
0.04758 0.29056 0.48018 0.00966 0.00000 0.17201
0.49725 0.00935 0.18616 0.30723 0.00001 0.00001
0.20074 0.00157 0.00129 0.59847 0.00001 0.19792
0.00001 0.10468 0.00000 0.00000 0.50406 0.39126
0.39817 0.00023 0.00000 0.00000 0.30594 0.29566

observation: 6
0.49201 0.68788 0.29402 0.10028 0.00123 0.09740
0.00308 0.00892 0.40941 0.09852 0.10155 0.09587
0.00004 0.29514 0.19743 0.19623 0.09928 0.30192
0.50485 0.00803 0.09881 0.00000 0.00424 0.40317
0.00003 0.00004 0.00033 0.60497 0.00194 0.10164
0.00000 0.00000 0.00000 0.00000 0.79175 0.00000
