initial: 6
0.75352 0.00000 0.06482 0.18166 0.00000 0.00000

transition: 6
0.30161 0.08037 0.44714 0.00950 0.00000 0.16138
0.22335 0.26448 0.50178 0.01036 0.00000 0.00003
0.01073 0.55277 0.10156 0.33327 0.00007 0.00160
0.00489 0.20822 0.00077 0.59060 0.00003 0.19548
0.10804 0.00001 0.00000 0.00000 0.51365 0.37830
0.01045 0.39514 0.00001 0.00000 0.31613 0.27828

observation: 6
0.67819 0.47641 0.27558 0.09582 0.00544 0.09427
0.01584 0.02918 0.43618 0.09400 0.10433 0.08705
0.30084 0.00364 0.20810 0.19492 0.09748 0.30825
0.00499 0.49074 0.07736 0.00000 0.01050 0.40971
0.00014 0.00003 0.00278 0.61525 0.00356 0.10072
0.00000 0.00000 0.00000 0.00000 0.77869 0.00000
