initial: 6
0.71966 0.00000 0.09252 0.18782 0.00000 0.00000

transition: 6
0.30868 0.00128 0.49323 0.00030 0.00000 0.19651
0.00094 0.20036 0.79747 0.00122 0.00000 0.00000
0.00047 0.49923 0.20140 0.29888 0.00000 0.00002
0.00006 0.20188 0.00003 0.59783 0.00002 0.20019
0.10506 0.00001 0.00000 0.00000 0.49679 0.39814
0.00014 0.39378 0.00001 0.00000 0.30010 0.30598

observation: 6
0.99537 0.49819 0.29796 0.09833 0.00028 0.09835
0.00224 0.00011 0.40004 0.09988 0.10345 0.09759
0.00238 0.00209 0.20052 0.80176 0.09036 0.30887
0.00002 0.49960 0.10147 0.00003 0.00349 0.39573
0.00000 0.00000 0.00000 0.00000 0.00188 0.09946
0.00000 0.00000 0.00000 0.00000 0.80055 0.00000
