initial: 6
0.75077 0.00000 0.06708 0.18214 0.00000 0.00000

transition: 6
0.30111 0.07357 0.45250 0.00912 0.00000 0.16370
0.22168 0.25615 0.51325 0.00889 0.00000 0.00003
0.00989 0.54525 0.11474 0.32873 0.00005 0.00134
0.00423 0.20788 0.00061 0.59149 0.00002 0.19576
0.10813 0.00001 0.00000 0.00000 0.51190 0.37996
0.00899 0.39502 0.00001 0.00000 0.31502 0.28097

observation: 6
0.67993 0.47893 0.27854 0.09637 0.00501 0.09434
0.01443 0.02538 0.43194 0.09448 0.10384 0.08852
0.30094 0.00325 0.20667 0.19502 0.09702 0.30796
0.00458 0.49241 0.08052 0.00000 0.00969 0.40860
0.00012 0.00002 0.00234 0.61413 0.00335 0.10058
0.00000 0.00000 0.00000 0.00000 0.78109 0.00000
