initial: 6
0.71883 0.00000 0.09420 0.18697 0.00000 0.00000

transition: 6
0.29595 0.00807 0.50650 0.00052 0.00000 0.18897
0.19955 0.20045 0.59991 0.00006 0.00000 0.00003
0.00329 0.49602 0.20080 0.29974 0.00001 0.00015
0.00010 0.20224 0.00017 0.59769 0.00001 0.19979
0.10738 0.00001 0.00000 0.00000 0.49957 0.39304
0.00041 0.39347 0.00001 0.00000 0.30426 0.30185

observation: 6
0.69582 0.49736 0.30272 0.09991 0.00007 0.09769
0.00101 0.00080 0.39803 0.09973 0.10231 0.09732
0.30263 0.00020 0.20017 0.19615 0.09687 0.30219
0.00051 0.50162 0.09896 0.00000 0.00063 0.40394
0.00004 0.00002 0.00013 0.60421 0.00279 0.09887
0.00000 0.00000 0.00000 0.00000 0.79733 0.00000
