initial: 6
0.72011 0.00000 0.09235 0.18754 0.00000 0.00000

transition: 6
0.30824 0.00449 0.48940 0.00123 0.00000 0.19665
0.00058 0.20601 0.78897 0.00444 0.00000 0.00000
0.00105 0.50319 0.19703 0.29871 0.00000 0.00002
0.00035 0.20219 0.00003 0.59694 0.00002 0.20048
0.10505 0.00001 0.00000 0.00000 0.50062 0.39432
0.00029 0.39617 0.00001 0.00000 0.30145 0.30209

observation: 6
0.99529 0.49712 0.29745 0.09756 0.00118 0.09811
0.00217 0.00103 0.40274 0.09965 0.10358 0.09704
0.00249 0.00352 0.20006 0.80276 0.09078 0.30971
0.00006 0.49833 0.09974 0.00003 0.00691 0.39570
0.00000 0.00000 0.00000 0.00000 0.00270 0.09944
0.00000 0.00000 0.00000 0.00000 0.79486 0.00000
