initial: 6
0.50709 0.49291 0.00000 0.00000 0.00000 0.00000

transition: 6
0.29144 0.50901 0.00661 0.19256 0.00002 0.00038
0.00060 0.50245 0.19858 0.00004 0.00001 0.29834
0.00233 0.00027 0.20249 0.78880 0.00005 0.00607
0.00016 0.00106 0.00434 0.28104 0.51359 0.19981
0.00000 0.00000 0.00000 0.00000 0.50086 0.49914
0.59843 0.00005 0.20668 0.19484 0.00000 0.00000

observation: 6
0.00019 0.29929 0.00161 0.09976 0.29887 0.09845
0.09999 0.39612 0.00002 0.10135 0.00000 0.10054
0.40425 0.20028 0.48973 0.29584 0.30238 0.00000
0.49556 0.10431 0.50692 0.40305 0.00000 0.00000
0.00000 0.00000 0.00173 0.10001 0.00000 0.80100
0.00000 0.00000 0.00000 0.00000 0.39875 0.00000
