initial: 6
0.73706 0.00000 0.08023 0.18270 0.00000 0.00000

transition: 6
0.30784 0.04837 0.44323 0.00678 0.00000 0.19378
0.00166 0.29834 0.67339 0.02661 0.00000 0.00000
0.00607 0.54828 0.13759 0.30803 0.00000 0.00002
0.00598 0.20429 0.00005 0.58729 0.00004 0.20236
0.10623 0.00001 0.00000 0.00000 0.52458 0.36918
0.00328 0.41000 0.00001 0.00000 0.31205 0.27467

observation: 6
0.98373 0.48638 0.27794 0.08787 0.00718 0.09464
0.00540 0.01450 0.44045 0.09740 0.10492 0.09147
0.00608 0.01365 0.21548 0.81465 0.09374 0.31574
0.00479 0.48546 0.06613 0.00008 0.02603 0.39803
0.00000 0.00000 0.00000 0.00000 0.00757 0.10013
0.00000 0.00000 0.00000 0.00000 0.76056 0.00000
