initial: 6
0.71967 0.00000 0.09252 0.18782 0.00000 0.00000

transition: 6
0.30866 0.00137 0.49312 0.00033 0.00000 0.19653
0.00091 0.20051 0.79724 0.00134 0.00000 0.00000
0.00050 0.49935 0.20127 0.29886 0.00000 0.00002
0.00006 0.20190 0.00003 0.59780 0.00002 0.20020
0.10506 0.00001 0.00000 0.00000 0.49695 0.39798
0.00014 0.39387 0.00001 0.00000 0.30015 0.30583

observation: 6
0.99537 0.49815 0.29797 0.09831 0.00031 0.09835
0.00223 0.00014 0.40012 0.09987 0.10346 0.09757
0.00238 0.00215 0.20048 0.80179 0.09038 0.30890
0.00002 0.49955 0.10143 0.00003 0.00364 0.39572
0.00000 0.00000 0.00000 0.00000 0.00191 0.09946
0.00000 0.00000 0.00000 0.00000 0.80031 0.00000
