initial: 6
0.59685 0.12518 0.12061 0.15730 0.00005 0.00001

transition: 6
0.47785 0.42542 0.06051 0.01808 0.00676 0.01138
0.19868 0.51943 0.23349 0.03496 0.00463 0.00881
0.17637 0.12527 0.24671 0.40950 0.01662 0.02554
0.18345 0.10626 0.06816 0.52786 0.06776 0.04652
0.04514 0.02518 0.00802 0.00637 0.62057 0.29472
0.30633 0.06575 0.01339 0.00354 0.21213 0.39886

observation: 6
0.46737 0.44448 0.22405 0.06087 0.02482 0.05807
0.08410 0.18863 0.29947 0.05174 0.08872 0.07190
0.17008 0.10218 0.23584 0.17701 0.20069 0.20418
0.27602 0.26203 0.08349 0.04313 0.13018 0.33662
0.00242 0.00268 0.15715 0.66725 0.04127 0.01984
0.00000 0.00000 0.00000 0.00000 0.51433 0.30939
