initial: 6
0.00117 0.16319 0.05698 0.20534 0.00000 0.57331

transition: 6
0.15856 0.50974 0.32919 0.00040 0.00052 0.00160
0.13958 0.44044 0.26090 0.08988 0.00000 0.06919
0.55402 0.03464 0.04977 0.36009 0.00062 0.00085
0.19258 0.01937 0.01098 0.58708 0.00039 0.18960
0.00361 0.10989 0.00000 0.00000 0.53019 0.35631
0.40015 0.01082 0.00000 0.00000 0.33517 0.25386

observation: 6
0.45695 0.57960 0.17146 0.09662 0.01288 0.09514
0.00911 0.09742 0.54170 0.09058 0.09861 0.08389
0.00257 0.20183 0.20431 0.19097 0.11011 0.32049
0.53118 0.12104 0.07278 0.00000 0.02075 0.39573
0.00019 0.00011 0.00976 0.62183 0.00455 0.10476
0.00000 0.00000 0.00000 0.00000 0.75310 0.00000
