initial: 6
0.00001 0.10618 0.09506 0.21028 0.00000 0.58847

transition: 6
0.20246 0.20996 0.58751 0.00005 0.00001 0.00001
0.02580 0.28752 0.50158 0.00242 0.00000 0.18269
0.49567 0.00749 0.19294 0.30388 0.00001 0.00001
0.20071 0.00078 0.00112 0.59865 0.00001 0.19872
0.00001 0.10319 0.00000 0.00000 0.50242 0.39438
0.39754 0.00009 0.00000 0.00000 0.30404 0.29832

observation: 6
0.49360 0.69488 0.29989 0.10018 0.00027 0.09850
0.00231 0.00408 0.40260 0.09915 0.10226 0.09589
0.00004 0.29780 0.19915 0.19628 0.09826 0.30163
0.50402 0.00321 0.09817 0.00000 0.00320 0.40274
0.00003 0.00004 0.00019 0.60438 0.00194 0.10124
0.00000 0.00000 0.00000 0.00000 0.79407 0.00000
