initial: 6
0.00001 0.12142 0.08322 0.20992 0.00000 0.58543

transition: 6
0.19975 0.25844 0.54175 0.00005 0.00001 0.00001
0.08530 0.30233 0.43218 0.03096 0.00000 0.14923
0.50252 0.01267 0.17149 0.31330 0.00001 0.00001
0.20079 0.00298 0.00158 0.59821 0.00001 0.19643
0.00001 0.10682 0.00000 0.00000 0.50693 0.38625
0.39914 0.00050 0.00000 0.00000 0.30936 0.29100

observation: 6
0.48896 0.67400 0.27770 0.10065 0.00328 0.09575
0.00417 0.01983 0.42720 0.09762 0.10035 0.09556
0.00004 0.28665 0.19317 0.19623 0.10118 0.30294
0.50681 0.01948 0.10133 0.00000 0.00572 0.40354
0.00003 0.00004 0.00059 0.60550 0.00194 0.10221
0.00000 0.00000 0.00000 0.00000 0.78754 0.00000
