initial: 6
0.71968 0.00000 0.09251 0.18781 0.00000 0.00000

transition: 6
0.30864 0.00148 0.49299 0.00036 0.00000 0.19653
0.00088 0.20066 0.79700 0.00146 0.00000 0.00000
0.00053 0.49947 0.20115 0.29884 0.00000 0.00002
0.00006 0.20191 0.00003 0.59777 0.00002 0.20022
0.10506 0.00001 0.00000 0.00000 0.49711 0.39782
0.00014 0.39398 0.00001 0.00000 0.30021 0.30567

observation: 6
0.99537 0.49811 0.29797 0.09829 0.00034 0.09836
0.00223 0.00017 0.40020 0.09986 0.10346 0.09755
0.00239 0.00221 0.20045 0.80182 0.09041 0.30893
0.00002 0.49951 0.10139 0.00003 0.00380 0.39571
0.00000 0.00000 0.00000 0.00000 0.00194 0.09946
0.00000 0.00000 0.00000 0.00000 0.80006 0.00000
