initial: 6
0.50601 0.49399 0.00000 0.00000 0.00000 0.00000

transition: 6
0.28878 0.49391 0.00787 0.20741 0.00002 0.00202
0.00330 0.50171 0.19841 0.00004 0.00001 0.29652
0.00304 0.00060 0.20960 0.78277 0.00012 0.00387
0.00021 0.00308 0.00533 0.26611 0.52239 0.20288
0.00000 0.00000 0.00000 0.00000 0.50098 0.49902
0.61920 0.00006 0.19040 0.19034 0.00000 0.00000

observation: 6
0.00008 0.29931 0.00426 0.10030 0.29848 0.09799
0.09772 0.39658 0.00002 0.10102 0.00000 0.10023
0.40596 0.19986 0.48648 0.29534 0.30268 0.00000
0.49624 0.10424 0.50350 0.40339 0.00000 0.00000
0.00000 0.00000 0.00574 0.09995 0.00000 0.80178
0.00000 0.00000 0.00000 0.00000 0.39884 0.00000
