initial: 6
0.72285 0.00000 0.09078 0.18637 0.00000 0.00000

transition: 6
0.29589 0.01630 0.49993 0.00185 0.00000 0.18604
0.20233 0.20382 0.59342 0.00040 0.00000 0.00003
0.00424 0.49879 0.19510 0.30166 0.00001 0.00020
0.00056 0.20261 0.00017 0.59716 0.00001 0.19949
0.10767 0.00001 0.00000 0.00000 0.50120 0.39112
0.00125 0.39377 0.00001 0.00000 0.30549 0.29948

observation: 6
0.69419 0.49568 0.30075 0.09964 0.00073 0.09711
0.00232 0.00255 0.40072 0.09911 0.10210 0.09690
0.30250 0.00054 0.20021 0.19586 0.09693 0.30277
0.00095 0.50122 0.09809 0.00000 0.00232 0.40403
0.00004 0.00002 0.00024 0.60539 0.00275 0.09919
0.00000 0.00000 0.00000 0.00000 0.79517 0.00000
