initial: 6
0.50704 0.49296 0.00000 0.00000 0.00000 0.00000

transition: 6
0.29149 0.50910 0.00649 0.19264 0.00002 0.00027
0.00049 0.50251 0.19860 0.00004 0.00001 0.29836
0.00244 0.00027 0.20226 0.78880 0.00005 0.00618
0.00016 0.00095 0.00434 0.28139 0.51338 0.19978
0.00000 0.00000 0.00000 0.00000 0.50086 0.49914
0.59832 0.00005 0.20665 0.19498 0.00000 0.00000

observation: 6
0.00021 0.29928 0.00150 0.09975 0.29889 0.09847
0.09999 0.39612 0.00002 0.10134 0.00000 0.10054
0.40424 0.20028 0.48985 0.29586 0.30237 0.00000
0.49555 0.10432 0.50699 0.40305 0.00000 0.00000
0.00000 0.00000 0.00163 0.10000 0.00000 0.80099
0.00000 0.00000 0.00000 0.00000 0.39874 0.00000
