initial: 6
0.48729 0.51271 0.00000 0.00000 0.00000 0.00000

transition: 6
0.26263 0.40627 0.01895 0.30861 0.00124 0.00231
0.01070 0.50411 0.20397 0.00085 0.00060 0.27977
0.01567 0.00495 0.21241 0.76096 0.00209 0.00393
0.00098 0.01115 0.01192 0.24054 0.53196 0.20344
0.00000 0.00000 0.00000 0.00000 0.50118 0.49882
0.78753 0.00035 0.03102 0.18109 0.00001 0.00000

observation: 6
0.00022 0.29677 0.01181 0.10149 0.29848 0.09685
0.07890 0.40086 0.00153 0.09867 0.00000 0.09874
0.42099 0.19754 0.46310 0.29534 0.30272 0.00000
0.49989 0.10483 0.47632 0.40447 0.00000 0.00000
0.00000 0.00000 0.04724 0.10003 0.00001 0.80441
0.00000 0.00000 0.00000 0.00000 0.39880 0.00000
