initial: 6
0.00001 0.10423 0.09637 0.21042 0.00000 0.58898

transition: 6
0.20233 0.20496 0.59264 0.00005 0.00001 0.00001
0.01520 0.28716 0.51015 0.00060 0.00000 0.18689
0.49541 0.00652 0.19577 0.30229 0.00001 0.00001
0.20078 0.00035 0.00096 0.59883 0.00001 0.19908
0.00001 0.10239 0.00000 0.00000 0.50159 0.39601
0.39717 0.00009 0.00000 0.00000 0.30315 0.29959

observation: 6
0.49438 0.69801 0.30192 0.10020 0.00003 0.09891
0.00188 0.00218 0.40005 0.09955 0.10258 0.09588
0.00004 0.29850 0.19978 0.19636 0.09776 0.30158
0.50367 0.00128 0.09810 0.00000 0.00246 0.40263
0.00003 0.00004 0.00016 0.60389 0.00194 0.10099
0.00000 0.00000 0.00000 0.00000 0.79523 0.00000
