initial: 6
0.00411 0.16164 0.06269 0.20095 0.00000 0.57061

transition: 6
0.16375 0.52497 0.30582 0.00058 0.00137 0.00351
0.13912 0.45251 0.26019 0.08619 0.00001 0.06198
0.55722 0.04013 0.03340 0.36515 0.00137 0.00273
0.18944 0.02378 0.01833 0.57925 0.00083 0.18838
0.00751 0.10690 0.00000 0.00000 0.53582 0.34976
0.39816 0.01592 0.00001 0.00000 0.34203 0.24388

observation: 6
0.45067 0.56973 0.16708 0.09337 0.01430 0.09425
0.00968 0.10562 0.54555 0.08514 0.09940 0.08067
0.00573 0.19041 0.21848 0.18833 0.11113 0.32609
0.53358 0.13407 0.05243 0.00000 0.02474 0.39397
0.00034 0.00017 0.01646 0.63315 0.00569 0.10502
0.00000 0.00000 0.00000 0.00000 0.74474 0.00000
