initial: 6
0.50710 0.49290 0.00000 0.00000 0.00000 0.00000

transition: 6
0.29142 0.50899 0.00664 0.19253 0.00002 0.00040
0.00062 0.50244 0.19857 0.00004 0.00001 0.29833
0.00231 0.00027 0.20252 0.78880 0.00005 0.00605
0.00016 0.00108 0.00434 0.28096 0.51365 0.19982
0.00000 0.00000 0.00000 0.00000 0.50086 0.49914
0.59846 0.00005 0.20668 0.19481 0.00000 0.00000

observation: 6
0.00019 0.29929 0.00163 0.09976 0.29887 0.09845
0.09999 0.39612 0.00002 0.10135 0.00000 0.10054
0.40425 0.20028 0.48970 0.29583 0.30238 0.00000
0.49556 0.10431 0.50690 0.40305 0.00000 0.00000
0.00000 0.00000 0.00175 0.10001 0.00000 0.80101
0.00000 0.00000 0.00000 0.00000 0.39875 0.00000
