initial: 6
0.00001 0.13630 0.07131 0.20957 0.00000 0.58282

transition: 6
0.19148 0.32328 0.48518 0.00005 0.00001 0.00001
0.12530 0.32945 0.36301 0.06286 0.00000 0.11938
0.51324 0.01709 0.14801 0.32164 0.00001 0.00001
0.20023 0.00547 0.00210 0.59752 0.00001 0.19466
0.00002 0.10889 0.00000 0.00000 0.51128 0.37981
0.40044 0.00116 0.00000 0.00000 0.31421 0.28419

observation: 6
0.48395 0.65231 0.24570 0.10108 0.00602 0.09458
0.00541 0.03736 0.46120 0.09660 0.09909 0.09434
0.00006 0.26826 0.18709 0.19604 0.10382 0.30544
0.51055 0.04203 0.10492 0.00000 0.00802 0.40272
0.00003 0.00004 0.00109 0.60628 0.00208 0.10291
0.00000 0.00000 0.00000 0.00000 0.78097 0.00000
