initial: 6
0.00001 0.10401 0.09653 0.21043 0.00000 0.58902

transition: 6
0.20231 0.20442 0.59321 0.00005 0.00001 0.00001
0.01388 0.28718 0.51114 0.00045 0.00000 0.18735
0.49541 0.00640 0.19607 0.30210 0.00001 0.00001
0.20078 0.00031 0.00096 0.59884 0.00001 0.19911
0.00001 0.10229 0.00000 0.00000 0.50150 0.39621
0.39713 0.00009 0.00000 0.00000 0.30305 0.29973

observation: 6
0.49446 0.69837 0.30215 0.10020 0.00003 0.09895
0.00184 0.00197 0.39976 0.09959 0.10262 0.09587
0.00004 0.29855 0.19985 0.19637 0.09770 0.30158
0.50364 0.00107 0.09810 0.00000 0.00234 0.40265
0.00003 0.00004 0.00015 0.60384 0.00194 0.10096
0.00000 0.00000 0.00000 0.00000 0.79537 0.00000
