initial: 6
0.76203 0.00000 0.05840 0.17957 0.00000 0.00000

transition: 6
0.30187 0.10578 0.42717 0.01032 0.00000 0.15486
0.22566 0.29709 0.46065 0.01656 0.00000 0.00004
0.01427 0.57766 0.05669 0.34823 0.00020 0.00295
0.00812 0.20752 0.00194 0.58670 0.00010 0.19561
0.10763 0.00003 0.00000 0.00000 0.52087 0.37147
0.01739 0.39510 0.00001 0.00000 0.31968 0.26782

observation: 6
0.67303 0.46804 0.26510 0.09288 0.00701 0.09413
0.01957 0.04236 0.45153 0.09255 0.10600 0.08213
0.30056 0.00515 0.21503 0.19420 0.10036 0.30803
0.00657 0.48437 0.06323 0.00000 0.01343 0.41462
0.00027 0.00008 0.00511 0.62037 0.00453 0.10109
0.00000 0.00000 0.00000 0.00000 0.76867 0.00000
