initial: 6
0.00001 0.10383 0.09666 0.21044 0.00000 0.58905

transition: 6
0.20230 0.20396 0.59367 0.00005 0.00001 0.00001
0.01277 0.28721 0.51196 0.00034 0.00000 0.18773
0.49542 0.00630 0.19633 0.30193 0.00001 0.00001
0.20079 0.00027 0.00096 0.59884 0.00001 0.19914
0.00001 0.10220 0.00000 0.00000 0.50140 0.39639
0.39708 0.00009 0.00000 0.00000 0.30297 0.29986

observation: 6
0.49453 0.69869 0.30233 0.10020 0.00003 0.09897
0.00180 0.00179 0.39953 0.09962 0.10266 0.09586
0.00004 0.29859 0.19991 0.19638 0.09765 0.30159
0.50360 0.00090 0.09809 0.00000 0.00222 0.40266
0.00003 0.00004 0.00015 0.60380 0.00194 0.10093
0.00000 0.00000 0.00000 0.00000 0.79551 0.00000
