initial: 6
0.72417 0.00000 0.08966 0.18617 0.00000 0.00000

transition: 6
0.29595 0.01892 0.49778 0.00229 0.00000 0.18505
0.20319 0.20525 0.59093 0.00060 0.00000 0.00003
0.00451 0.49995 0.19294 0.30235 0.00001 0.00024
0.00071 0.20278 0.00017 0.59697 0.00001 0.19935
0.10774 0.00001 0.00000 0.00000 0.50165 0.39060
0.00151 0.39387 0.00001 0.00000 0.30590 0.29872

observation: 6
0.69364 0.49512 0.30002 0.09952 0.00097 0.09690
0.00278 0.00317 0.40173 0.09891 0.10205 0.09672
0.30245 0.00065 0.20030 0.19579 0.09691 0.30300
0.00110 0.50104 0.09766 0.00000 0.00276 0.40409
0.00004 0.00002 0.00029 0.60578 0.00273 0.09929
0.00000 0.00000 0.00000 0.00000 0.79458 0.00000
