initial: 6
0.00001 0.10411 0.09645 0.21042 0.00000 0.58900

transition: 6
0.20232 0.20467 0.59294 0.00005 0.00001 0.00001
0.01451 0.28717 0.51066 0.00052 0.00000 0.18713
0.49541 0.00646 0.19593 0.30219 0.00001 0.00001
0.20078 0.00033 0.00096 0.59883 0.00001 0.19909
0.00001 0.10233 0.00000 0.00000 0.50155 0.39611
0.39715 0.00009 0.00000 0.00000 0.30310 0.29967

observation: 6
0.49442 0.69821 0.30204 0.10020 0.00003 0.09893
0.00186 0.00207 0.39990 0.09957 0.10260 0.09588
0.00004 0.29853 0.19981 0.19637 0.09773 0.30158
0.50365 0.00117 0.09810 0.00000 0.00240 0.40264
0.00003 0.00004 0.00015 0.60386 0.00194 0.10097
0.00000 0.00000 0.00000 0.00000 0.79530 0.00000
