initial: 6
0.72662 0.00000 0.08759 0.18579 0.00000 0.00000

transition: 6
0.29615 0.02372 0.49378 0.00311 0.00000 0.18324
0.20480 0.20817 0.58599 0.00102 0.00000 0.00003
0.00498 0.50236 0.18861 0.30375 0.00001 0.00029
0.00098 0.20315 0.00017 0.59661 0.00001 0.19909
0.10786 0.00001 0.00000 0.00000 0.50244 0.38970
0.00199 0.39399 0.00001 0.00000 0.30664 0.29737

observation: 6
0.69258 0.49408 0.29857 0.09930 0.00140 0.09652
0.00365 0.00441 0.40373 0.09854 0.10200 0.09636
0.30234 0.00085 0.20051 0.19568 0.09684 0.30344
0.00139 0.50064 0.09680 0.00000 0.00351 0.40423
0.00004 0.00002 0.00040 0.60647 0.00268 0.09945
0.00000 0.00000 0.00000 0.00000 0.79358 0.00000
