initial: 6
0.80204 0.00000 0.04845 0.14951 0.00000 0.00000

transition: 6
0.24522 0.26324 0.36101 0.06071 0.00160 0.06821
0.09749 0.45120 0.41998 0.03129 0.00000 0.00003
0.14556 0.51416 0.00762 0.31707 0.00012 0.01547
0.07649 0.06871 0.00877 0.56021 0.01244 0.27337
0.10707 0.00053 0.00000 0.00000 0.65868 0.23371
0.11621 0.44723 0.01865 0.00001 0.29988 0.11802

observation: 6
0.92943 0.34762 0.16407 0.05617 0.03054 0.08517
0.01930 0.08604 0.53914 0.06697 0.11757 0.04766
0.03624 0.07531 0.28321 0.87171 0.13792 0.30211
0.01503 0.49102 0.01358 0.00516 0.08512 0.47739
0.00000 0.00000 0.00000 0.00000 0.03357 0.08766
0.00000 0.00000 0.00000 0.00000 0.59527 0.00000
