initial: 6
0.50498 0.49502 0.00000 0.00000 0.00000 0.00000

transition: 6
0.28785 0.48743 0.00804 0.21455 0.00002 0.00212
0.00365 0.50200 0.19839 0.00006 0.00001 0.29588
0.00333 0.00067 0.21052 0.78166 0.00014 0.00368
0.00023 0.00341 0.00554 0.26334 0.52398 0.20351
0.00000 0.00000 0.00000 0.00000 0.50099 0.49901
0.62870 0.00008 0.18163 0.18959 0.00000 0.00000

observation: 6
0.00008 0.29916 0.00478 0.10038 0.29845 0.09792
0.09652 0.39678 0.00002 0.10081 0.00000 0.10014
0.40681 0.19972 0.48605 0.29536 0.30271 0.00000
0.49660 0.10434 0.50238 0.40353 0.00000 0.00000
0.00000 0.00000 0.00678 0.09992 0.00000 0.80195
0.00000 0.00000 0.00000 0.00000 0.39884 0.00000
