initial: 6
0.00001 0.10637 0.09492 0.21027 0.00000 0.58842

transition: 6
0.20247 0.21047 0.58699 0.00005 0.00001 0.00001
0.02677 0.28759 0.50073 0.00264 0.00000 0.18226
0.49572 0.00758 0.19266 0.30402 0.00001 0.00001
0.20071 0.00082 0.00113 0.59864 0.00001 0.19869
0.00001 0.10326 0.00000 0.00000 0.50250 0.39423
0.39757 0.00010 0.00000 0.00000 0.30413 0.29820

observation: 6
0.49353 0.69458 0.29968 0.10018 0.00030 0.09845
0.00235 0.00427 0.40285 0.09912 0.10223 0.09590
0.00004 0.29771 0.19909 0.19628 0.09831 0.30164
0.50406 0.00340 0.09818 0.00000 0.00326 0.40276
0.00003 0.00004 0.00020 0.60441 0.00194 0.10126
0.00000 0.00000 0.00000 0.00000 0.79396 0.00000
