initial: 6
0.72047 0.00000 0.09278 0.18674 0.00000 0.00000

transition: 6
0.29587 0.01147 0.50380 0.00106 0.00000 0.18779
0.20076 0.20155 0.59753 0.00013 0.00000 0.00003
0.00370 0.49697 0.19865 0.30053 0.00001 0.00015
0.00027 0.20238 0.00017 0.59748 0.00001 0.19969
0.10751 0.00001 0.00000 0.00000 0.50027 0.39221
0.00076 0.39357 0.00001 0.00000 0.30472 0.30094

observation: 6
0.69516 0.49666 0.30199 0.09984 0.00030 0.09748
0.00154 0.00150 0.39903 0.09947 0.10221 0.09717
0.30259 0.00034 0.20012 0.19601 0.09692 0.30239
0.00068 0.50148 0.09873 0.00000 0.00139 0.40393
0.00004 0.00002 0.00013 0.60468 0.00277 0.09903
0.00000 0.00000 0.00000 0.00000 0.79641 0.00000
