initial: 6
0.72726 0.00000 0.08705 0.18569 0.00000 0.00000

transition: 6
0.29622 0.02498 0.49273 0.00332 0.00000 0.18276
0.20522 0.20900 0.58461 0.00114 0.00000 0.00003
0.00510 0.50304 0.18739 0.30415 0.00001 0.00031
0.00105 0.20325 0.00017 0.59651 0.00001 0.19901
0.10789 0.00001 0.00000 0.00000 0.50264 0.38946
0.00212 0.39403 0.00001 0.00000 0.30684 0.29701

observation: 6
0.69229 0.49380 0.29817 0.09924 0.00151 0.09642
0.00389 0.00476 0.40428 0.09845 0.10199 0.09625
0.30231 0.00090 0.20058 0.19565 0.09682 0.30356
0.00147 0.50052 0.09655 0.00000 0.00369 0.40428
0.00004 0.00002 0.00043 0.60666 0.00267 0.09949
0.00000 0.00000 0.00000 0.00000 0.79331 0.00000
