initial: 6
0.71966 0.00000 0.09252 0.18782 0.00000 0.00000

transition: 6
0.30870 0.00119 0.49333 0.00027 0.00000 0.19651
0.00097 0.20023 0.79767 0.00113 0.00000 0.00000
0.00044 0.49913 0.20151 0.29889 0.00000 0.00002
0.00006 0.20187 0.00003 0.59785 0.00002 0.20017
0.10507 0.00001 0.00000 0.00000 0.49664 0.39829
0.00014 0.39368 0.00001 0.00000 0.30005 0.30612

observation: 6
0.99537 0.49823 0.29795 0.09835 0.00025 0.09835
0.00224 0.00009 0.39998 0.09989 0.10345 0.09761
0.00238 0.00205 0.20056 0.80173 0.09033 0.30884
0.00002 0.49964 0.10151 0.00003 0.00335 0.39574
0.00000 0.00000 0.00000 0.00000 0.00185 0.09946
0.00000 0.00000 0.00000 0.00000 0.80078 0.00000
