initial: 6
0.50665 0.49335 0.00000 0.00000 0.00000 0.00000

transition: 6
0.28941 0.49852 0.00777 0.20238 0.00002 0.00190
0.00299 0.50157 0.19842 0.00004 0.00001 0.29698
0.00282 0.00054 0.20871 0.78376 0.00010 0.00406
0.00019 0.00281 0.00516 0.26849 0.52102 0.20233
0.00000 0.00000 0.00000 0.00000 0.50097 0.49903
0.61266 0.00005 0.19631 0.19099 0.00000 0.00000

observation: 6
0.00008 0.29939 0.00385 0.10023 0.29852 0.09806
0.09854 0.39644 0.00002 0.10117 0.00000 0.10030
0.40539 0.19997 0.48685 0.29536 0.30264 0.00000
0.49600 0.10420 0.50430 0.40328 0.00000 0.00000
0.00000 0.00000 0.00499 0.09997 0.00000 0.80164
0.00000 0.00000 0.00000 0.00000 0.39884 0.00000
