initial: 6
0.72458 0.00000 0.08932 0.18610 0.00000 0.00000

transition: 6
0.29598 0.01972 0.49712 0.00243 0.00000 0.18475
0.20346 0.20570 0.59014 0.00067 0.00000 0.00003
0.00459 0.50033 0.19226 0.30257 0.00001 0.00025
0.00076 0.20284 0.00017 0.59691 0.00001 0.19931
0.10776 0.00001 0.00000 0.00000 0.50179 0.39044
0.00159 0.39389 0.00001 0.00000 0.30602 0.29849

observation: 6
0.69346 0.49495 0.29979 0.09948 0.00104 0.09684
0.00292 0.00337 0.40205 0.09885 0.10204 0.09666
0.30243 0.00068 0.20033 0.19577 0.09690 0.30307
0.00115 0.50098 0.09753 0.00000 0.00289 0.40412
0.00004 0.00002 0.00031 0.60590 0.00272 0.09932
0.00000 0.00000 0.00000 0.00000 0.79441 0.00000
