initial: 6
0.50740 0.49260 0.00000 0.00000 0.00000 0.00000

transition: 6
0.29042 0.50585 0.00762 0.19459 0.00002 0.00150
0.00220 0.50160 0.19840 0.00004 0.00001 0.29775
0.00238 0.00043 0.20616 0.78633 0.00006 0.00466
0.00016 0.00219 0.00475 0.27406 0.51776 0.20108
0.00000 0.00000 0.00000 0.00000 0.50092 0.49908
0.60262 0.00005 0.20476 0.19257 0.00000 0.00000

observation: 6
0.00008 0.29945 0.00293 0.10005 0.29864 0.09821
0.09971 0.39620 0.00002 0.10136 0.00000 0.10044
0.40456 0.20016 0.48786 0.29549 0.30253 0.00000
0.49565 0.10419 0.50570 0.40311 0.00000 0.00000
0.00000 0.00000 0.00350 0.09999 0.00000 0.80135
0.00000 0.00000 0.00000 0.00000 0.39883 0.00000
