initial: 6
0.00001 0.12584 0.07963 0.20982 0.00000 0.58470

transition: 6
0.19796 0.27574 0.52624 0.00005 0.00001 0.00001
0.09888 0.30897 0.41144 0.04072 0.00000 0.13999
0.50529 0.01401 0.16497 0.31571 0.00001 0.00001
0.20073 0.00361 0.00171 0.59807 0.00001 0.19587
0.00001 0.10750 0.00000 0.00000 0.50812 0.38437
0.39952 0.00064 0.00000 0.00000 0.31073 0.28911

observation: 6
0.48764 0.66800 0.26927 0.10080 0.00409 0.09528
0.00454 0.02471 0.43619 0.09732 0.09993 0.09531
0.00004 0.28204 0.19127 0.19621 0.10195 0.30354
0.50776 0.02521 0.10255 0.00000 0.00633 0.40346
0.00003 0.00004 0.00071 0.60567 0.00196 0.10242
0.00000 0.00000 0.00000 0.00000 0.78574 0.00000
