initial: 6
0.71965 0.00000 0.09252 0.18783 0.00000 0.00000

transition: 6
0.30874 0.00104 0.49353 0.00020 0.00000 0.19649
0.00104 0.20000 0.79803 0.00092 0.00000 0.00000
0.00037 0.49903 0.20163 0.29895 0.00000 0.00002
0.00006 0.20186 0.00003 0.59789 0.00002 0.20015
0.10507 0.00001 0.00000 0.00000 0.49634 0.39858
0.00014 0.39351 0.00001 0.00000 0.29996 0.30639

observation: 6
0.99537 0.49827 0.29794 0.09838 0.00018 0.09835
0.00225 0.00009 0.39985 0.09989 0.10345 0.09762
0.00237 0.00198 0.20063 0.80170 0.09028 0.30879
0.00002 0.49966 0.10159 0.00003 0.00307 0.39577
0.00000 0.00000 0.00000 0.00000 0.00178 0.09947
0.00000 0.00000 0.00000 0.00000 0.80124 0.00000
