initial: 6
0.72100 0.00000 0.09234 0.18666 0.00000 0.00000

transition: 6
0.29587 0.01256 0.50292 0.00124 0.00000 0.18741
0.20112 0.20202 0.59665 0.00017 0.00000 0.00003
0.00382 0.49735 0.19790 0.30078 0.00001 0.00015
0.00034 0.20242 0.00017 0.59741 0.00001 0.19965
0.10755 0.00001 0.00000 0.00000 0.50049 0.39196
0.00088 0.39361 0.00001 0.00000 0.30490 0.30061

observation: 6
0.69495 0.49644 0.30172 0.09980 0.00039 0.09740
0.00171 0.00172 0.39939 0.09939 0.10218 0.09711
0.30257 0.00038 0.20014 0.19598 0.09693 0.30247
0.00073 0.50144 0.09860 0.00000 0.00161 0.40395
0.00004 0.00002 0.00015 0.60484 0.00277 0.09906
0.00000 0.00000 0.00000 0.00000 0.79612 0.00000
