initial: 6
0.71868 0.00000 0.09433 0.18699 0.00000 0.00000

transition: 6
0.29597 0.00770 0.50678 0.00047 0.00000 0.18909
0.19942 0.20035 0.60014 0.00006 0.00000 0.00003
0.00324 0.49594 0.20101 0.29965 0.00001 0.00015
0.00010 0.20222 0.00017 0.59770 0.00001 0.19980
0.10737 0.00001 0.00000 0.00000 0.49951 0.39312
0.00036 0.39348 0.00001 0.00000 0.30422 0.30193

observation: 6
0.69589 0.49743 0.30279 0.09992 0.00007 0.09769
0.00096 0.00073 0.39793 0.09976 0.10232 0.09733
0.30262 0.00020 0.20018 0.19615 0.09687 0.30216
0.00050 0.50163 0.09897 0.00000 0.00053 0.40396
0.00004 0.00002 0.00013 0.60417 0.00279 0.09885
0.00000 0.00000 0.00000 0.00000 0.79741 0.00000
