initial: 6
0.05205 0.11599 0.10318 0.17806 0.00000 0.55072

transition: 6
0.20375 0.52537 0.24839 0.00112 0.00892 0.01245
0.14742 0.48168 0.28410 0.05477 0.00009 0.03194
0.52853 0.05354 0.01772 0.37669 0.00468 0.01884
0.18717 0.04100 0.06540 0.52699 0.00332 0.17611
0.04055 0.08297 0.00007 0.00005 0.55180 0.32455
0.37371 0.03931 0.00017 0.00000 0.37264 0.21416

observation: 6
0.39890 0.56992 0.15994 0.08492 0.01552 0.09149
0.02047 0.12687 0.51332 0.04075 0.09733 0.07903
0.03705 0.15248 0.26474 0.16882 0.11296 0.35068
0.54249 0.15024 0.01107 0.00020 0.04030 0.37544
0.00110 0.00050 0.05093 0.70530 0.01203 0.10329
0.00000 0.00000 0.00000 0.00000 0.72185 0.00007
