initial: 6
0.71893 0.00000 0.09411 0.18696 0.00000 0.00000

transition: 6
0.29593 0.00833 0.50632 0.00055 0.00000 0.18888
0.19964 0.20051 0.59976 0.00006 0.00000 0.00003
0.00332 0.49608 0.20065 0.29980 0.00001 0.00015
0.00010 0.20226 0.00017 0.59768 0.00001 0.19979
0.10739 0.00001 0.00000 0.00000 0.49962 0.39299
0.00044 0.39347 0.00001 0.00000 0.30428 0.30180

observation: 6
0.69578 0.49731 0.30267 0.09991 0.00007 0.09769
0.00104 0.00086 0.39809 0.09971 0.10231 0.09731
0.30264 0.00020 0.20017 0.19614 0.09687 0.30220
0.00051 0.50161 0.09895 0.00000 0.00069 0.40393
0.00004 0.00002 0.00013 0.60423 0.00279 0.09888
0.00000 0.00000 0.00000 0.00000 0.79728 0.00000
