initial: 6
0.73166 0.00000 0.08331 0.18503 0.00000 0.00000

transition: 6
0.29684 0.03356 0.48547 0.00471 0.00000 0.17943
0.20814 0.21536 0.57437 0.00210 0.00000 0.00003
0.00588 0.50835 0.17815 0.30718 0.00001 0.00043
0.00151 0.20404 0.00020 0.59579 0.00001 0.19845
0.10806 0.00001 0.00000 0.00000 0.50398 0.38796
0.00303 0.39421 0.00001 0.00000 0.30820 0.29455

observation: 6
0.69027 0.49179 0.29521 0.09881 0.00222 0.09583
0.00558 0.00735 0.40838 0.09776 0.10201 0.09539
0.30209 0.00127 0.20119 0.19549 0.09664 0.30443
0.00203 0.49958 0.09457 0.00000 0.00485 0.40465
0.00004 0.00002 0.00065 0.60793 0.00268 0.09969
0.00000 0.00000 0.00000 0.00000 0.79160 0.00000
