initial: 6
0.50736 0.49264 0.00000 0.00000 0.00000 0.00000

transition: 6
0.29096 0.50831 0.00734 0.19242 0.00002 0.00095
0.00139 0.50200 0.19842 0.00004 0.00001 0.29815
0.00212 0.00030 0.20386 0.78830 0.00005 0.00536
0.00016 0.00163 0.00443 0.27844 0.51513 0.20022
0.00000 0.00000 0.00000 0.00000 0.50087 0.49913
0.59930 0.00005 0.20670 0.19395 0.00000 0.00000

observation: 6
0.00008 0.29939 0.00221 0.09990 0.29877 0.09835
0.09999 0.39615 0.00002 0.10138 0.00000 0.10051
0.40433 0.20023 0.48892 0.29567 0.30244 0.00000
0.49560 0.10423 0.50643 0.40305 0.00000 0.00000
0.00000 0.00000 0.00243 0.10000 0.00000 0.80113
0.00000 0.00000 0.00000 0.00000 0.39879 0.00000
