initial: 6
0.00001 0.10474 0.09603 0.21037 0.00000 0.58885

transition: 6
0.20236 0.20628 0.59129 0.00005 0.00001 0.00001
0.01818 0.28719 0.50785 0.00100 0.00000 0.18578
0.49545 0.00679 0.19501 0.30273 0.00001 0.00001
0.20075 0.00048 0.00101 0.59877 0.00001 0.19898
0.00001 0.10262 0.00000 0.00000 0.50184 0.39554
0.39728 0.00009 0.00000 0.00000 0.30339 0.29924

observation: 6
0.49415 0.69716 0.30141 0.10019 0.00007 0.09881
0.00201 0.00268 0.40071 0.09943 0.10249 0.09588
0.00004 0.29834 0.19961 0.19634 0.09791 0.30159
0.50377 0.00179 0.09811 0.00000 0.00270 0.40265
0.00003 0.00004 0.00016 0.60404 0.00194 0.10106
0.00000 0.00000 0.00000 0.00000 0.79489 0.00000
