initial: 6
0.55460 0.44523 0.00000 0.00016 0.00000 0.00000

transition: 6
0.23257 0.46370 0.06264 0.19884 0.02480 0.01745
0.04034 0.41906 0.27528 0.02734 0.05148 0.18651
0.13045 0.03520 0.15284 0.61643 0.05611 0.00897
0.02006 0.06676 0.04919 0.31842 0.45088 0.09469
0.00001 0.00404 0.00245 0.00002 0.50906 0.48442
0.76471 0.00179 0.01421 0.21107 0.00818 0.00004

observation: 6
0.00402 0.32022 0.05346 0.02878 0.31127 0.09287
0.08557 0.42069 0.09045 0.05156 0.00129 0.08718
0.43058 0.16333 0.29340 0.33495 0.30909 0.00067
0.47979 0.09221 0.25958 0.50822 0.00217 0.00003
0.00003 0.00354 0.30312 0.07649 0.00452 0.81924
0.00000 0.00000 0.00000 0.00000 0.37166 0.00000
