initial: 6
0.48744 0.51256 0.00000 0.00000 0.00000 0.00000

transition: 6
0.25375 0.40272 0.02491 0.31350 0.00256 0.00257
0.01481 0.50067 0.20679 0.00169 0.00172 0.27431
0.02602 0.00827 0.19810 0.75889 0.00413 0.00460
0.00158 0.01534 0.01535 0.24034 0.52873 0.19866
0.00000 0.00001 0.00000 0.00000 0.50158 0.49842
0.80352 0.00048 0.01860 0.17733 0.00007 0.00000

observation: 6
0.00032 0.29728 0.01446 0.09999 0.29892 0.09610
0.07752 0.40244 0.00345 0.09767 0.00001 0.09795
0.42209 0.19677 0.45371 0.29538 0.30259 0.00000
0.50006 0.10350 0.46536 0.40644 0.00000 0.00000
0.00000 0.00000 0.06301 0.10052 0.00005 0.80594
0.00000 0.00000 0.00000 0.00000 0.39843 0.00000
