initial: 6
0.48873 0.51127 0.00000 0.00000 0.00000 0.00000

transition: 6
0.26895 0.41403 0.01487 0.29932 0.00061 0.00223
0.00830 0.50538 0.20198 0.00047 0.00022 0.28365
0.01054 0.00318 0.21637 0.76526 0.00114 0.00351
0.00068 0.00866 0.00962 0.24312 0.53263 0.20529
0.00000 0.00000 0.00000 0.00000 0.50101 0.49899
0.76644 0.00028 0.05025 0.18303 0.00000 0.00000

observation: 6
0.00019 0.29669 0.01046 0.10167 0.29836 0.09718
0.08089 0.39970 0.00067 0.09902 0.00000 0.09912
0.41930 0.19812 0.46995 0.29562 0.30271 0.00000
0.49962 0.10549 0.48307 0.40400 0.00000 0.00000
0.00000 0.00000 0.03585 0.09968 0.00001 0.80370
0.00000 0.00000 0.00000 0.00000 0.39892 0.00000
