initial: 6
0.77982 0.00000 0.05084 0.16934 0.00000 0.00000

transition: 6
0.24405 0.18985 0.41022 0.04322 0.00008 0.11258
0.04082 0.38861 0.53372 0.03684 0.00000 0.00000
0.07357 0.57248 0.02233 0.33028 0.00000 0.00134
0.04826 0.15109 0.00126 0.56864 0.00108 0.22967
0.10728 0.00004 0.00000 0.00000 0.60392 0.28876
0.04855 0.43809 0.00221 0.00000 0.32374 0.18742

observation: 6
0.94921 0.40629 0.24511 0.06790 0.02200 0.08992
0.01651 0.05529 0.48961 0.09143 0.11001 0.07210
0.02179 0.03943 0.24944 0.83922 0.11564 0.32764
0.01249 0.49898 0.01584 0.00146 0.07140 0.41635
0.00000 0.00000 0.00000 0.00000 0.02387 0.09399
0.00000 0.00000 0.00000 0.00000 0.65707 0.00000
