initial: 6
0.76800 0.00000 0.05583 0.17617 0.00000 0.00000

transition: 6
0.27878 0.12993 0.41366 0.02409 0.00000 0.15354
0.01330 0.37594 0.57350 0.03726 0.00000 0.00000
0.03456 0.58141 0.05822 0.32554 0.00000 0.00027
0.02590 0.18633 0.00036 0.57550 0.00028 0.21163
0.10797 0.00001 0.00000 0.00000 0.56902 0.32300
0.02117 0.42841 0.00028 0.00000 0.32392 0.22622

observation: 6
0.95916 0.44884 0.25898 0.07508 0.01572 0.09072
0.01481 0.04024 0.47417 0.09433 0.10832 0.07971
0.01523 0.02781 0.23829 0.83003 0.10584 0.32307
0.01080 0.48312 0.02856 0.00056 0.05284 0.40819
0.00000 0.00000 0.00000 0.00000 0.01672 0.09830
0.00000 0.00000 0.00000 0.00000 0.70055 0.00000
