initial: 6
0.77730 0.00000 0.05853 0.16416 0.00000 0.00000

transition: 6
0.30630 0.19440 0.36004 0.00967 0.00042 0.12917
0.23052 0.37676 0.36289 0.02966 0.00001 0.00017
0.02796 0.58878 0.00628 0.35697 0.00156 0.01845
0.02860 0.17564 0.03291 0.55351 0.00104 0.20831
0.10510 0.00063 0.00000 0.00000 0.55261 0.34166
0.06958 0.36959 0.00012 0.00000 0.32756 0.23315

observation: 6
0.68355 0.43290 0.23128 0.07781 0.01393 0.09062
0.01954 0.07267 0.49633 0.06527 0.10849 0.07225
0.28382 0.01397 0.24053 0.18328 0.12201 0.29188
0.01147 0.47948 0.00869 0.00000 0.02073 0.44410
0.00162 0.00097 0.02318 0.67364 0.01011 0.10108
0.00000 0.00000 0.00000 0.00000 0.72473 0.00007
