initial: 6
0.72238 0.00000 0.09089 0.18673 0.00000 0.00000

transition: 6
0.30816 0.01183 0.48109 0.00239 0.00000 0.19653
0.00061 0.22198 0.76757 0.00984 0.00000 0.00000
0.00183 0.51235 0.18587 0.29992 0.00000 0.00002
0.00121 0.20301 0.00003 0.59509 0.00002 0.20064
0.10517 0.00001 0.00000 0.00000 0.50562 0.38921
0.00067 0.39925 0.00001 0.00000 0.30359 0.29648

observation: 6
0.99397 0.49527 0.29458 0.09580 0.00257 0.09735
0.00240 0.00331 0.40939 0.09928 0.10379 0.09600
0.00298 0.00573 0.20147 0.80490 0.09098 0.31117
0.00065 0.49568 0.09456 0.00003 0.01127 0.39588
0.00000 0.00000 0.00000 0.00000 0.00371 0.09959
0.00000 0.00000 0.00000 0.00000 0.78768 0.00000
