initial: 6
0.49570 0.50430 0.00000 0.00000 0.00000 0.00000

transition: 6
0.27920 0.44318 0.01022 0.26499 0.00015 0.00226
0.00561 0.50469 0.19910 0.00017 0.00004 0.29040
0.00577 0.00142 0.21462 0.77461 0.00038 0.00321
0.00039 0.00562 0.00702 0.25029 0.53082 0.20586
0.00000 0.00000 0.00000 0.00000 0.50096 0.49904
0.70394 0.00016 0.11003 0.18587 0.00000 0.00000

observation: 6
0.00013 0.29760 0.00799 0.10106 0.29834 0.09750
0.08746 0.39806 0.00011 0.09961 0.00000 0.09956
0.41373 0.19893 0.48089 0.29572 0.30274 0.00000
0.49868 0.10540 0.49352 0.40399 0.00000 0.00000
0.00000 0.00000 0.01750 0.09962 0.00000 0.80293
0.00000 0.00000 0.00000 0.00000 0.39892 0.00000
