initial: 6
0.73285 0.00000 0.08230 0.18485 0.00000 0.00000

transition: 6
0.29704 0.03589 0.48349 0.00507 0.00000 0.17851
0.20895 0.21727 0.57135 0.00240 0.00000 0.00003
0.00609 0.50998 0.17536 0.30811 0.00001 0.00046
0.00164 0.20428 0.00021 0.59557 0.00001 0.19829
0.10809 0.00001 0.00000 0.00000 0.50435 0.38755
0.00329 0.39426 0.00001 0.00000 0.30859 0.29386

observation: 6
0.68971 0.49120 0.29435 0.09869 0.00240 0.09569
0.00606 0.00813 0.40958 0.09757 0.10204 0.09512
0.30202 0.00137 0.20139 0.19546 0.09659 0.30467
0.00218 0.49928 0.09396 0.00000 0.00515 0.40478
0.00004 0.00002 0.00072 0.60828 0.00269 0.09974
0.00000 0.00000 0.00000 0.00000 0.79112 0.00000
