initial: 6
0.00001 0.13086 0.07559 0.20969 0.00000 0.58384

transition: 6
0.19531 0.29731 0.50731 0.00005 0.00001 0.00001
0.11263 0.31784 0.38800 0.05164 0.00000 0.12989
0.50885 0.01550 0.15717 0.31847 0.00001 0.00001
0.20056 0.00442 0.00187 0.59785 0.00001 0.19528
0.00001 0.10819 0.00000 0.00000 0.50956 0.38224
0.39996 0.00085 0.00000 0.00000 0.31233 0.28686

observation: 6
0.48601 0.66081 0.25859 0.10095 0.00502 0.09487
0.00495 0.03055 0.44751 0.09698 0.09950 0.09492
0.00004 0.27598 0.18917 0.19617 0.10283 0.30436
0.50897 0.03263 0.10386 0.00000 0.00708 0.40320
0.00003 0.00004 0.00087 0.60590 0.00200 0.10265
0.00000 0.00000 0.00000 0.00000 0.78357 0.00000
