initial: 6
0.71966 0.00000 0.09252 0.18782 0.00000 0.00000

transition: 6
0.30868 0.00131 0.49319 0.00031 0.00000 0.19652
0.00093 0.20041 0.79739 0.00126 0.00000 0.00000
0.00048 0.49927 0.20136 0.29887 0.00000 0.00002
0.00006 0.20189 0.00003 0.59782 0.00002 0.20019
0.10506 0.00001 0.00000 0.00000 0.49684 0.39809
0.00014 0.39381 0.00001 0.00000 0.30012 0.30593

observation: 6
0.99537 0.49818 0.29796 0.09833 0.00029 0.09835
0.00223 0.00012 0.40007 0.09988 0.10345 0.09759
0.00238 0.00211 0.20051 0.80177 0.09036 0.30888
0.00002 0.49958 0.10146 0.00003 0.00354 0.39573
0.00000 0.00000 0.00000 0.00000 0.00189 0.09946
0.00000 0.00000 0.00000 0.00000 0.80047 0.00000
