initial: 6
0.71842 0.00000 0.09454 0.18704 0.00000 0.00000

transition: 6
0.29600 0.00714 0.50720 0.00037 0.00000 0.18928
0.19922 0.20023 0.60046 0.00006 0.00000 0.00003
0.00314 0.49585 0.20131 0.29954 0.00001 0.00015
0.00010 0.20220 0.00017 0.59772 0.00001 0.19981
0.10734 0.00001 0.00000 0.00000 0.49942 0.39323
0.00026 0.39351 0.00001 0.00000 0.30417 0.30205

observation: 6
0.69600 0.49753 0.30291 0.09993 0.00007 0.09769
0.00086 0.00063 0.39779 0.09980 0.10234 0.09735
0.30262 0.00020 0.20019 0.19617 0.09688 0.30213
0.00049 0.50163 0.09898 0.00000 0.00041 0.40399
0.00004 0.00002 0.00013 0.60411 0.00279 0.09884
0.00000 0.00000 0.00000 0.00000 0.79751 0.00000
