initial: 6
0.50739 0.49261 0.00000 0.00000 0.00000 0.00000

transition: 6
0.29091 0.50817 0.00740 0.19249 0.00002 0.00101
0.00148 0.50194 0.19842 0.00004 0.00001 0.29811
0.00214 0.00032 0.20408 0.78812 0.00006 0.00528
0.00016 0.00169 0.00445 0.27802 0.51538 0.20029
0.00000 0.00000 0.00000 0.00000 0.50088 0.49912
0.59950 0.00005 0.20666 0.19380 0.00000 0.00000

observation: 6
0.00008 0.29940 0.00228 0.09991 0.29876 0.09834
0.09998 0.39615 0.00002 0.10139 0.00000 0.10051
0.40434 0.20023 0.48880 0.29565 0.30245 0.00000
0.49560 0.10422 0.50636 0.40306 0.00000 0.00000
0.00000 0.00000 0.00253 0.10000 0.00000 0.80116
0.00000 0.00000 0.00000 0.00000 0.39880 0.00000
