initial: 6
0.00001 0.10355 0.09686 0.21046 0.00000 0.58911

transition: 6
0.20227 0.20327 0.59440 0.00005 0.00001 0.00001
0.01101 0.28726 0.51324 0.00020 0.00000 0.18830
0.49543 0.00614 0.19675 0.30167 0.00001 0.00001
0.20080 0.00019 0.00096 0.59886 0.00001 0.19918
0.00001 0.10206 0.00000 0.00000 0.50125 0.39668
0.39701 0.00009 0.00000 0.00000 0.30284 0.30006

observation: 6
0.49466 0.69917 0.30259 0.10020 0.00003 0.09901
0.00172 0.00152 0.39917 0.09968 0.10272 0.09585
0.00004 0.29864 0.20000 0.19640 0.09756 0.30159
0.50356 0.00064 0.09809 0.00000 0.00206 0.40267
0.00003 0.00004 0.00015 0.60372 0.00193 0.10088
0.00000 0.00000 0.00000 0.00000 0.79571 0.00000
