initial: 6
0.71847 0.00000 0.09451 0.18703 0.00000 0.00000

transition: 6
0.29600 0.00724 0.50713 0.00039 0.00000 0.18925
0.19926 0.20025 0.60041 0.00006 0.00000 0.00003
0.00316 0.49587 0.20125 0.29956 0.00001 0.00015
0.00010 0.20220 0.00017 0.59772 0.00001 0.19981
0.10735 0.00001 0.00000 0.00000 0.49944 0.39321
0.00028 0.39350 0.00001 0.00000 0.30418 0.30203

observation: 6
0.69598 0.49751 0.30289 0.09992 0.00007 0.09769
0.00088 0.00065 0.39782 0.09979 0.10234 0.09735
0.30262 0.00020 0.20019 0.19616 0.09687 0.30214
0.00049 0.50163 0.09898 0.00000 0.00043 0.40398
0.00004 0.00002 0.00013 0.60412 0.00279 0.09884
0.00000 0.00000 0.00000 0.00000 0.79750 0.00000
