initial: 6
0.00001 0.11886 0.08530 0.20998 0.00000 0.58585

transition: 6
0.20057 0.24910 0.55026 0.00005 0.00001 0.00001
0.07681 0.29893 0.44416 0.02538 0.00000 0.15472
0.50105 0.01189 0.17516 0.31188 0.00001 0.00001
0.20080 0.00263 0.00151 0.59828 0.00001 0.19677
0.00001 0.10638 0.00000 0.00000 0.50625 0.38737
0.39892 0.00043 0.00000 0.00000 0.30856 0.29209

observation: 6
0.48970 0.67739 0.28218 0.10056 0.00279 0.09608
0.00394 0.01708 0.42240 0.09782 0.10062 0.09567
0.00004 0.28905 0.19426 0.19623 0.10073 0.30264
0.50630 0.01644 0.10063 0.00000 0.00538 0.40353
0.00003 0.00004 0.00053 0.60540 0.00194 0.10209
0.00000 0.00000 0.00000 0.00000 0.78855 0.00000
