initial: 6
0.71998 0.00000 0.09320 0.18682 0.00000 0.00000

transition: 6
0.29590 0.01041 0.50464 0.00089 0.00000 0.18815
0.20040 0.20116 0.59833 0.00008 0.00000 0.00003
0.00357 0.49665 0.19935 0.30028 0.00001 0.00015
0.00022 0.20232 0.00017 0.59755 0.00001 0.19973
0.10748 0.00001 0.00000 0.00000 0.50005 0.39247
0.00066 0.39353 0.00001 0.00000 0.30457 0.30123

observation: 6
0.69536 0.49688 0.30223 0.09987 0.00021 0.09756
0.00138 0.00128 0.39869 0.09955 0.10224 0.09721
0.30260 0.00029 0.20013 0.19605 0.09691 0.30232
0.00063 0.50153 0.09883 0.00000 0.00117 0.40392
0.00004 0.00002 0.00013 0.60453 0.00277 0.09899
0.00000 0.00000 0.00000 0.00000 0.79670 0.00000
