initial: 6
0.71877 0.00000 0.09424 0.18698 0.00000 0.00000

transition: 6
0.29596 0.00791 0.50662 0.00050 0.00000 0.18902
0.19950 0.20041 0.60001 0.00006 0.00000 0.00003
0.00327 0.49598 0.20089 0.29970 0.00001 0.00015
0.00010 0.20223 0.00017 0.59769 0.00001 0.19979
0.10738 0.00001 0.00000 0.00000 0.49955 0.39307
0.00039 0.39348 0.00001 0.00000 0.30424 0.30188

observation: 6
0.69585 0.49739 0.30275 0.09992 0.00007 0.09769
0.00099 0.00076 0.39799 0.09975 0.10232 0.09732
0.30262 0.00020 0.20018 0.19615 0.09687 0.30218
0.00051 0.50163 0.09896 0.00000 0.00059 0.40395
0.00004 0.00002 0.00013 0.60419 0.00279 0.09886
0.00000 0.00000 0.00000 0.00000 0.79736 0.00000
