initial: 6
0.71978 0.00000 0.09249 0.18773 0.00000 0.00000

transition: 6
0.30843 0.00269 0.49150 0.00078 0.00000 0.19661
0.00069 0.20266 0.79388 0.00277 0.00000 0.00000
0.00078 0.50093 0.19959 0.29868 0.00000 0.00002
0.00015 0.20201 0.00003 0.59743 0.00002 0.20037
0.10505 0.00001 0.00000 0.00000 0.49881 0.39614
0.00018 0.39504 0.00001 0.00000 0.30078 0.30399

observation: 6
0.99540 0.49768 0.29786 0.09801 0.00072 0.09828
0.00218 0.00049 0.40121 0.09977 0.10351 0.09734
0.00240 0.00280 0.20015 0.80219 0.09063 0.30927
0.00002 0.49903 0.10078 0.00003 0.00531 0.39567
0.00000 0.00000 0.00000 0.00000 0.00232 0.09943
0.00000 0.00000 0.00000 0.00000 0.79752 0.00000
