initial: 6
0.50708 0.49292 0.00000 0.00000 0.00000 0.00000

transition: 6
0.29145 0.50903 0.00657 0.19259 0.00002 0.00035
0.00057 0.50246 0.19858 0.00004 0.00001 0.29834
0.00236 0.00027 0.20243 0.78880 0.00005 0.00610
0.00016 0.00103 0.00434 0.28114 0.51354 0.19980
0.00000 0.00000 0.00000 0.00000 0.50086 0.49914
0.59841 0.00005 0.20666 0.19488 0.00000 0.00000

observation: 6
0.00020 0.29929 0.00158 0.09975 0.29888 0.09845
0.09999 0.39612 0.00002 0.10135 0.00000 0.10054
0.40425 0.20028 0.48976 0.29585 0.30238 0.00000
0.49556 0.10432 0.50694 0.40305 0.00000 0.00000
0.00000 0.00000 0.00170 0.10001 0.00000 0.80100
0.00000 0.00000 0.00000 0.00000 0.39875 0.00000
