initial: 6
0.00001 0.10824 0.09358 0.21021 0.00000 0.58796

transition: 6
0.20246 0.21554 0.58193 0.00005 0.00001 0.00001
0.03568 0.28854 0.49249 0.00515 0.00000 0.17814
0.49625 0.00835 0.19000 0.30538 0.00001 0.00001
0.20071 0.00115 0.00120 0.59856 0.00001 0.19838
0.00001 0.10389 0.00000 0.00000 0.50317 0.39294
0.39783 0.00017 0.00000 0.00000 0.30489 0.29711

observation: 6
0.49288 0.69179 0.29751 0.10021 0.00066 0.09801
0.00268 0.00613 0.40541 0.09885 0.10194 0.09590
0.00004 0.29678 0.19845 0.19625 0.09872 0.30173
0.50438 0.00526 0.09836 0.00000 0.00372 0.40293
0.00003 0.00004 0.00027 0.60469 0.00194 0.10143
0.00000 0.00000 0.00000 0.00000 0.79302 0.00000
