initial: 6
0.50704 0.49296 0.00000 0.00000 0.00000 0.00000

transition: 6
0.29149 0.50909 0.00650 0.19263 0.00002 0.00028
0.00050 0.50250 0.19860 0.00004 0.00001 0.29836
0.00243 0.00027 0.20228 0.78880 0.00005 0.00617
0.00016 0.00096 0.00434 0.28136 0.51340 0.19978
0.00000 0.00000 0.00000 0.00000 0.50086 0.49914
0.59833 0.00005 0.20665 0.19497 0.00000 0.00000

observation: 6
0.00021 0.29928 0.00151 0.09974 0.29889 0.09846
0.09999 0.39612 0.00002 0.10134 0.00000 0.10054
0.40424 0.20028 0.48984 0.29586 0.30237 0.00000
0.49555 0.10432 0.50699 0.40305 0.00000 0.00000
0.00000 0.00000 0.00164 0.10001 0.00000 0.80099
0.00000 0.00000 0.00000 0.00000 0.39874 0.00000
