initial: 6
0.72258 0.00000 0.09100 0.18641 0.00000 0.00000

transition: 6
0.29588 0.01576 0.50036 0.00176 0.00000 0.18624
0.20215 0.20355 0.59391 0.00036 0.00000 0.00003
0.00418 0.49857 0.19552 0.30152 0.00001 0.00019
0.00053 0.20258 0.00017 0.59720 0.00001 0.19951
0.10765 0.00001 0.00000 0.00000 0.50110 0.39124
0.00120 0.39375 0.00001 0.00000 0.30541 0.29964

observation: 6
0.69430 0.49578 0.30089 0.09966 0.00068 0.09715
0.00223 0.00243 0.40052 0.09915 0.10211 0.09693
0.30251 0.00052 0.20020 0.19588 0.09693 0.30273
0.00092 0.50126 0.09816 0.00000 0.00222 0.40401
0.00004 0.00002 0.00023 0.60532 0.00276 0.09918
0.00000 0.00000 0.00000 0.00000 0.79530 0.00000
