initial: 6
0.16306 0.05411 0.20028 0.34053 0.16443 0.07759

transition: 6
0.45898 0.39444 0.05988 0.03961 0.01955 0.02754
0.18458 0.48162 0.23602 0.05314 0.01810 0.02654
0.15240 0.12634 0.31599 0.30934 0.04765 0.04829
0.12413 0.10070 0.10924 0.39220 0.21397 0.05977
0.06846 0.05229 0.04747 0.05997 0.45985 0.31195
0.29042 0.07465 0.04838 0.04959 0.16279 0.37417

observation: 6
0.45547 0.50344 0.21177 0.10142 0.05447 0.11385
0.12676 0.17449 0.21633 0.12508 0.06362 0.07241
0.11783 0.10865 0.19117 0.19342 0.23090 0.22210
0.29139 0.20184 0.16517 0.13758 0.15908 0.28099
0.00805 0.01151 0.21530 0.43949 0.18205 0.06291
0.00051 0.00007 0.00027 0.00301 0.30988 0.24774
