initial: 6
0.00001 0.10680 0.09462 0.21026 0.00000 0.58831

transition: 6
0.20248 0.21161 0.58583 0.00005 0.00001 0.00001
0.02891 0.28777 0.49883 0.00317 0.00000 0.18132
0.49582 0.00777 0.19205 0.30434 0.00001 0.00001
0.20071 0.00090 0.00115 0.59862 0.00001 0.19862
0.00001 0.10341 0.00000 0.00000 0.50265 0.39393
0.39763 0.00012 0.00000 0.00000 0.30431 0.29794

observation: 6
0.49338 0.69393 0.29919 0.10019 0.00038 0.09835
0.00243 0.00470 0.40344 0.09906 0.10216 0.09590
0.00004 0.29751 0.19894 0.19627 0.09841 0.30166
0.50413 0.00383 0.09821 0.00000 0.00338 0.40280
0.00003 0.00004 0.00022 0.60448 0.00194 0.10130
0.00000 0.00000 0.00000 0.00000 0.79375 0.00000
