initial: 6
0.78693 0.00000 0.07193 0.14114 0.00000 0.00000

transition: 6
0.37125 0.33888 0.20498 0.00643 0.00620 0.07226
0.19859 0.57794 0.19944 0.02193 0.00025 0.00185
0.10187 0.25895 0.01187 0.53000 0.00527 0.09204
0.08065 0.13204 0.08144 0.46761 0.00601 0.23226
0.10937 0.00789 0.00003 0.00024 0.60837 0.27411
0.26306 0.21908 0.00145 0.00000 0.30754 0.20887

observation: 6
0.64980 0.36302 0.24779 0.05323 0.02503 0.06754
0.03206 0.19029 0.42989 0.01137 0.10777 0.06201
0.24613 0.05450 0.26399 0.14528 0.15771 0.24450
0.06869 0.38993 0.00950 0.00079 0.02598 0.54348
0.00332 0.00226 0.04882 0.78934 0.02746 0.07765
0.00000 0.00000 0.00000 0.00000 0.65605 0.00482
