initial: 6
0.71976 0.00000 0.09249 0.18775 0.00000 0.00000

transition: 6
0.30848 0.00240 0.49184 0.00069 0.00000 0.19660
0.00072 0.20216 0.79464 0.00248 0.00000 0.00000
0.00072 0.50057 0.19998 0.29871 0.00000 0.00002
0.00012 0.20198 0.00003 0.59751 0.00002 0.20034
0.10505 0.00001 0.00000 0.00000 0.49845 0.39649
0.00015 0.39483 0.00001 0.00000 0.30066 0.30436

observation: 6
0.99539 0.49779 0.29791 0.09808 0.00063 0.09831
0.00220 0.00040 0.40096 0.09979 0.10350 0.09739
0.00240 0.00267 0.20019 0.80210 0.09059 0.30919
0.00002 0.49914 0.10093 0.00003 0.00500 0.39567
0.00000 0.00000 0.00000 0.00000 0.00224 0.09944
0.00000 0.00000 0.00000 0.00000 0.79805 0.00000
