initial: 6
0.72276 0.00000 0.09062 0.18661 0.00000 0.00000

transition: 6
0.30817 0.01293 0.47986 0.00253 0.00000 0.19650
0.00063 0.22449 0.76433 0.01054 0.00000 0.00000
0.00194 0.51367 0.18421 0.30016 0.00000 0.00002
0.00134 0.20313 0.00003 0.59483 0.00002 0.20066
0.10519 0.00001 0.00000 0.00000 0.50624 0.38856
0.00073 0.39962 0.00001 0.00000 0.30387 0.29576

observation: 6
0.99373 0.49503 0.29409 0.09555 0.00274 0.09725
0.00245 0.00365 0.41041 0.09923 0.10382 0.09586
0.00306 0.00602 0.20179 0.80519 0.09100 0.31136
0.00076 0.49531 0.09371 0.00003 0.01181 0.39591
0.00000 0.00000 0.00000 0.00000 0.00384 0.09962
0.00000 0.00000 0.00000 0.00000 0.78679 0.00000
