initial: 6
0.50344 0.49656 0.00000 0.00000 0.00000 0.00000

transition: 6
0.28649 0.47877 0.00831 0.22420 0.00003 0.00220
0.00404 0.50248 0.19840 0.00008 0.00001 0.29499
0.00371 0.00078 0.21145 0.78037 0.00017 0.00351
0.00025 0.00381 0.00579 0.26020 0.52576 0.20419
0.00000 0.00000 0.00000 0.00000 0.50100 0.49900
0.64197 0.00010 0.16920 0.18874 0.00000 0.00000

observation: 6
0.00008 0.29892 0.00542 0.10049 0.29841 0.09783
0.09485 0.39702 0.00002 0.10054 0.00000 0.10001
0.40801 0.19955 0.48546 0.29540 0.30274 0.00000
0.49707 0.10451 0.50084 0.40369 0.00000 0.00000
0.00000 0.00000 0.00825 0.09987 0.00000 0.80216
0.00000 0.00000 0.00000 0.00000 0.39885 0.00000
