initial: 6
0.50713 0.49287 0.00000 0.00000 0.00000 0.00000

transition: 6
0.29138 0.50894 0.00674 0.19248 0.00002 0.00045
0.00070 0.50239 0.19854 0.00004 0.00001 0.29832
0.00226 0.00027 0.20261 0.78882 0.00005 0.00600
0.00016 0.00113 0.00434 0.28077 0.51375 0.19985
0.00000 0.00000 0.00000 0.00000 0.50086 0.49914
0.59852 0.00005 0.20669 0.19475 0.00000 0.00000

observation: 6
0.00018 0.29931 0.00168 0.09976 0.29886 0.09844
0.09999 0.39613 0.00002 0.10135 0.00000 0.10054
0.40426 0.20027 0.48964 0.29582 0.30238 0.00000
0.49557 0.10430 0.50686 0.40305 0.00000 0.00000
0.00000 0.00000 0.00180 0.10001 0.00000 0.80102
0.00000 0.00000 0.00000 0.00000 0.39875 0.00000
