initial: 6
0.71924 0.00000 0.09384 0.18691 0.00000 0.00000

transition: 6
0.29594 0.00894 0.50580 0.00066 0.00000 0.18866
0.19989 0.20067 0.59936 0.00006 0.00000 0.00003
0.00338 0.49622 0.20031 0.29994 0.00001 0.00015
0.00012 0.20227 0.00017 0.59765 0.00001 0.19978
0.10742 0.00001 0.00000 0.00000 0.49975 0.39282
0.00050 0.39349 0.00001 0.00000 0.30436 0.30164

observation: 6
0.69564 0.49721 0.30253 0.09991 0.00011 0.09765
0.00115 0.00098 0.39825 0.09966 0.10229 0.09728
0.30264 0.00020 0.20016 0.19613 0.09689 0.30224
0.00053 0.50160 0.09893 0.00000 0.00083 0.40392
0.00004 0.00002 0.00013 0.60430 0.00279 0.09891
0.00000 0.00000 0.00000 0.00000 0.79709 0.00000
