initial: 6
0.73455 0.00000 0.08213 0.18332 0.00000 0.00000

transition: 6
0.30819 0.04261 0.44862 0.00599 0.00000 0.19459
0.00142 0.28783 0.68607 0.02468 0.00000 0.00000
0.00521 0.54356 0.14441 0.30681 0.00000 0.00002
0.00510 0.20444 0.00004 0.58843 0.00003 0.20196
0.10604 0.00001 0.00000 0.00000 0.52153 0.37242
0.00273 0.40834 0.00001 0.00000 0.31079 0.27814

observation: 6
0.98559 0.48802 0.28037 0.08909 0.00652 0.09501
0.00476 0.01269 0.43609 0.09773 0.10470 0.09223
0.00551 0.01250 0.21313 0.81312 0.09305 0.31516
0.00413 0.48679 0.07041 0.00006 0.02387 0.39751
0.00000 0.00000 0.00000 0.00000 0.00694 0.10009
0.00000 0.00000 0.00000 0.00000 0.76491 0.00000
