initial: 6
0.71988 0.00000 0.09247 0.18765 0.00000 0.00000

transition: 6
0.30834 0.00334 0.49073 0.00096 0.00000 0.19663
0.00064 0.20380 0.79217 0.00339 0.00000 0.00000
0.00088 0.50172 0.19871 0.29867 0.00000 0.00002
0.00021 0.20207 0.00003 0.59725 0.00002 0.20041
0.10505 0.00001 0.00000 0.00000 0.49950 0.39545
0.00023 0.39546 0.00001 0.00000 0.30103 0.30327

observation: 6
0.99538 0.49748 0.29774 0.09785 0.00089 0.09822
0.00217 0.00067 0.40175 0.09973 0.10353 0.09724
0.00243 0.00307 0.20008 0.80239 0.09069 0.30943
0.00002 0.49878 0.10043 0.00003 0.00593 0.39567
0.00000 0.00000 0.00000 0.00000 0.00247 0.09943
0.00000 0.00000 0.00000 0.00000 0.79650 0.00000
