initial: 6
0.72373 0.00000 0.08995 0.18632 0.00000 0.00000

transition: 6
0.30823 0.01560 0.47690 0.00285 0.00000 0.19642
0.00068 0.23059 0.75656 0.01217 0.00000 0.00000
0.00220 0.51681 0.18021 0.30077 0.00000 0.00002
0.00164 0.20339 0.00003 0.59421 0.00002 0.20072
0.10526 0.00001 0.00000 0.00000 0.50769 0.38705
0.00088 0.40048 0.00001 0.00000 0.30455 0.29408

observation: 6
0.99312 0.49444 0.29286 0.09494 0.00314 0.09701
0.00259 0.00447 0.41286 0.09911 0.10389 0.09553
0.00325 0.00668 0.20263 0.80592 0.09107 0.31180
0.00104 0.49441 0.09165 0.00003 0.01305 0.39599
0.00000 0.00000 0.00000 0.00000 0.00413 0.09968
0.00000 0.00000 0.00000 0.00000 0.78473 0.00000
