initial: 6
0.71985 0.00000 0.09247 0.18767 0.00000 0.00000

transition: 6
0.30836 0.00319 0.49090 0.00092 0.00000 0.19662
0.00065 0.20354 0.79256 0.00325 0.00000 0.00000
0.00086 0.50154 0.19892 0.29867 0.00000 0.00002
0.00019 0.20206 0.00003 0.59730 0.00002 0.20041
0.10505 0.00001 0.00000 0.00000 0.49935 0.39560
0.00022 0.39537 0.00001 0.00000 0.30097 0.30343

observation: 6
0.99539 0.49753 0.29777 0.09789 0.00085 0.09824
0.00217 0.00063 0.40162 0.09974 0.10353 0.09726
0.00242 0.00301 0.20009 0.80234 0.09068 0.30940
0.00002 0.49884 0.10051 0.00003 0.00579 0.39567
0.00000 0.00000 0.00000 0.00000 0.00244 0.09943
0.00000 0.00000 0.00000 0.00000 0.79672 0.00000
