initial: 6
0.71969 0.00000 0.09251 0.18780 0.00000 0.00000

transition: 6
0.30861 0.00164 0.49277 0.00043 0.00000 0.19655
0.00084 0.20091 0.79660 0.00165 0.00000 0.00000
0.00057 0.49965 0.20096 0.29881 0.00000 0.00002
0.00006 0.20192 0.00003 0.59773 0.00002 0.20025
0.10506 0.00001 0.00000 0.00000 0.49739 0.39755
0.00014 0.39415 0.00001 0.00000 0.30029 0.30541

observation: 6
0.99537 0.49806 0.29797 0.09826 0.00038 0.09836
0.00222 0.00021 0.40033 0.09985 0.10346 0.09752
0.00239 0.00229 0.20039 0.80186 0.09045 0.30897
0.00002 0.49945 0.10131 0.00003 0.00404 0.39569
0.00000 0.00000 0.00000 0.00000 0.00200 0.09945
0.00000 0.00000 0.00000 0.00000 0.79965 0.00000
