initial: 6
0.71855 0.00000 0.09443 0.18702 0.00000 0.00000

transition: 6
0.29599 0.00739 0.50701 0.00042 0.00000 0.18919
0.19932 0.20029 0.60031 0.00006 0.00000 0.00003
0.00319 0.49590 0.20116 0.29959 0.00001 0.00015
0.00010 0.20221 0.00017 0.59771 0.00001 0.19980
0.10735 0.00001 0.00000 0.00000 0.49945 0.39318
0.00031 0.39349 0.00001 0.00000 0.30419 0.30200

observation: 6
0.69594 0.49748 0.30285 0.09992 0.00007 0.09769
0.00091 0.00068 0.39786 0.09978 0.10233 0.09734
0.30262 0.00020 0.20019 0.19616 0.09687 0.30215
0.00049 0.50163 0.09898 0.00000 0.00046 0.40398
0.00004 0.00002 0.00013 0.60414 0.00279 0.09884
0.00000 0.00000 0.00000 0.00000 0.79748 0.00000
