initial: 6
0.48715 0.51285 0.00000 0.00000 0.00000 0.00000

transition: 6
0.26006 0.40462 0.02070 0.31068 0.00157 0.00237
0.01181 0.50330 0.20476 0.00106 0.00084 0.27824
0.01830 0.00581 0.20927 0.75992 0.00259 0.00412
0.00113 0.01228 0.01292 0.24005 0.53130 0.20232
0.00000 0.00000 0.00000 0.00000 0.50127 0.49873
0.79326 0.00038 0.02620 0.18015 0.00002 0.00000

observation: 6
0.00024 0.29689 0.01245 0.10122 0.29857 0.09667
0.07839 0.40132 0.00199 0.09846 0.00000 0.09854
0.42141 0.19731 0.46045 0.29528 0.30270 0.00000
0.49996 0.10448 0.47342 0.40486 0.00000 0.00000
0.00000 0.00000 0.05169 0.10018 0.00002 0.80479
0.00000 0.00000 0.00000 0.00000 0.39872 0.00000
