initial: 6
0.52201 0.47798 0.00000 0.00000 0.00000 0.00000

transition: 6
0.21943 0.43841 0.04795 0.27206 0.01394 0.00822
0.03590 0.44772 0.23648 0.01727 0.03346 0.22917
0.10545 0.03149 0.14532 0.66968 0.03982 0.00825
0.00915 0.04796 0.03440 0.28880 0.48565 0.13403
0.00000 0.00134 0.00023 0.00000 0.50780 0.49062
0.82084 0.00125 0.01001 0.16351 0.00439 0.00000

observation: 6
0.00230 0.30846 0.05281 0.04926 0.31018 0.09398
0.07906 0.41308 0.05439 0.07069 0.00065 0.09339
0.42712 0.17950 0.36064 0.31411 0.30427 0.00004
0.49152 0.09783 0.31769 0.46929 0.00024 0.00000
0.00000 0.00113 0.21447 0.09665 0.00239 0.81258
0.00000 0.00000 0.00000 0.00000 0.38227 0.00000
