initial: 6
0.72150 0.00000 0.09149 0.18702 0.00000 0.00000

transition: 6
0.30813 0.00923 0.48401 0.00204 0.00000 0.19659
0.00058 0.21609 0.77524 0.00809 0.00000 0.00000
0.00157 0.50916 0.18986 0.29939 0.00000 0.00002
0.00091 0.20272 0.00003 0.59573 0.00002 0.20060
0.10512 0.00001 0.00000 0.00000 0.50406 0.39082
0.00054 0.39830 0.00001 0.00000 0.30289 0.29826

observation: 6
0.99452 0.49588 0.29571 0.09641 0.00213 0.09761
0.00229 0.00250 0.40700 0.09940 0.10372 0.09636
0.00280 0.00502 0.20079 0.80416 0.09093 0.31070
0.00040 0.49660 0.09650 0.00003 0.00992 0.39581
0.00000 0.00000 0.00000 0.00000 0.00340 0.09953
0.00000 0.00000 0.00000 0.00000 0.78991 0.00000
