initial: 6
0.98581 0.01373 0.00044 0.00002 0.00000 0.00000

transition: 6
0.39270 0.35673 0.10928 0.09128 0.02816 0.02185
0.07794 0.30652 0.37236 0.13423 0.06435 0.04459
0.04383 0.07078 0.31088 0.42323 0.09272 0.05856
0.02572 0.04485 0.07309 0.35362 0.41341 0.08931
0.06257 0.06159 0.04700 0.02286 0.33070 0.47528
0.32212 0.10291 0.07160 0.02597 0.07952 0.39788

observation: 6
0.25260 0.10343 0.03597 0.04075 0.02467 0.00891
0.19712 0.11084 0.06114 0.05653 0.01912 0.01032
0.52143 0.64872 0.57723 0.27313 0.13278 0.28774
0.01129 0.12036 0.29296 0.51604 0.12621 0.01041
0.00030 0.00377 0.02106 0.08110 0.04544 0.00224
0.01728 0.01289 0.01165 0.03245 0.65178 0.68038
