initial: 6
0.50706 0.49294 0.00000 0.00000 0.00000 0.00000

transition: 6
0.29147 0.50905 0.00654 0.19261 0.00002 0.00032
0.00054 0.50248 0.19859 0.00004 0.00001 0.29835
0.00239 0.00027 0.20237 0.78879 0.00005 0.00613
0.00016 0.00100 0.00434 0.28123 0.51348 0.19979
0.00000 0.00000 0.00000 0.00000 0.50086 0.49914
0.59838 0.00005 0.20666 0.19492 0.00000 0.00000

observation: 6
0.00020 0.29929 0.00155 0.09975 0.29888 0.09846
0.09999 0.39612 0.00002 0.10134 0.00000 0.10054
0.40425 0.20028 0.48980 0.29585 0.30238 0.00000
0.49556 0.10432 0.50696 0.40305 0.00000 0.00000
0.00000 0.00000 0.00167 0.10001 0.00000 0.80100
0.00000 0.00000 0.00000 0.00000 0.39874 0.00000
