initial: 6
0.71865 0.00000 0.09435 0.18700 0.00000 0.00000

transition: 6
0.29597 0.00763 0.50683 0.00046 0.00000 0.18911
0.19940 0.20034 0.60018 0.00006 0.00000 0.00003
0.00323 0.49593 0.20104 0.29964 0.00001 0.00015
0.00010 0.20222 0.00017 0.59770 0.00001 0.19980
0.10736 0.00001 0.00000 0.00000 0.49949 0.39313
0.00035 0.39348 0.00001 0.00000 0.30421 0.30195

observation: 6
0.69590 0.49744 0.30281 0.09992 0.00007 0.09769
0.00095 0.00072 0.39791 0.09977 0.10233 0.09733
0.30262 0.00020 0.20018 0.19615 0.09687 0.30216
0.00050 0.50163 0.09897 0.00000 0.00051 0.40397
0.00004 0.00002 0.00013 0.60416 0.00279 0.09885
0.00000 0.00000 0.00000 0.00000 0.79743 0.00000
