initial: 6
0.71966 0.00000 0.09252 0.18782 0.00000 0.00000

transition: 6
0.30871 0.00116 0.49336 0.00026 0.00000 0.19650
0.00098 0.20019 0.79773 0.00110 0.00000 0.00000
0.00043 0.49912 0.20154 0.29890 0.00000 0.00002
0.00006 0.20187 0.00003 0.59786 0.00002 0.20017
0.10507 0.00001 0.00000 0.00000 0.49659 0.39833
0.00014 0.39366 0.00001 0.00000 0.30004 0.30616

observation: 6
0.99537 0.49824 0.29795 0.09835 0.00024 0.09835
0.00224 0.00009 0.39996 0.09989 0.10345 0.09761
0.00238 0.00204 0.20057 0.80173 0.09033 0.30883
0.00002 0.49964 0.10152 0.00003 0.00331 0.39575
0.00000 0.00000 0.00000 0.00000 0.00184 0.09946
0.00000 0.00000 0.00000 0.00000 0.80084 0.00000
