initial: 6
0.50746 0.49254 0.00000 0.00000 0.00000 0.00000

transition: 6
0.29062 0.50695 0.00756 0.19350 0.00002 0.00135
0.00195 0.50169 0.19841 0.00004 0.00001 0.29790
0.00228 0.00040 0.20540 0.78700 0.00006 0.00486
0.00016 0.00202 0.00464 0.27553 0.51689 0.20077
0.00000 0.00000 0.00000 0.00000 0.50091 0.49909
0.60113 0.00005 0.20581 0.19301 0.00000 0.00000

observation: 6
0.00008 0.29944 0.00269 0.10000 0.29868 0.09826
0.09986 0.39617 0.00002 0.10138 0.00000 0.10046
0.40444 0.20019 0.48818 0.29554 0.30250 0.00000
0.49562 0.10419 0.50597 0.40308 0.00000 0.00000
0.00000 0.00000 0.00314 0.09999 0.00000 0.80128
0.00000 0.00000 0.00000 0.00000 0.39882 0.00000
