initial: 6
0.71977 0.00000 0.09249 0.18774 0.00000 0.00000

transition: 6
0.30844 0.00259 0.49162 0.00075 0.00000 0.19660
0.00070 0.20248 0.79415 0.00267 0.00000 0.00000
0.00076 0.50080 0.19973 0.29869 0.00000 0.00002
0.00014 0.20200 0.00003 0.59746 0.00002 0.20036
0.10505 0.00001 0.00000 0.00000 0.49869 0.39626
0.00017 0.39497 0.00001 0.00000 0.30074 0.30412

observation: 6
0.99540 0.49772 0.29788 0.09803 0.00069 0.09829
0.00219 0.00046 0.40112 0.09978 0.10350 0.09736
0.00240 0.00275 0.20016 0.80216 0.09062 0.30924
0.00002 0.49907 0.10084 0.00003 0.00520 0.39567
0.00000 0.00000 0.00000 0.00000 0.00229 0.09943
0.00000 0.00000 0.00000 0.00000 0.79770 0.00000
