initial: 6
0.72115 0.00000 0.09221 0.18664 0.00000 0.00000

transition: 6
0.29587 0.01288 0.50267 0.00129 0.00000 0.18730
0.20122 0.20217 0.59639 0.00019 0.00000 0.00003
0.00386 0.49746 0.19768 0.30085 0.00001 0.00015
0.00036 0.20243 0.00017 0.59739 0.00001 0.19964
0.10756 0.00001 0.00000 0.00000 0.50055 0.39188
0.00091 0.39362 0.00001 0.00000 0.30495 0.30051

observation: 6
0.69489 0.49638 0.30164 0.09978 0.00042 0.09738
0.00176 0.00179 0.39950 0.09937 0.10218 0.09710
0.30257 0.00039 0.20014 0.19597 0.09693 0.30250
0.00075 0.50143 0.09856 0.00000 0.00167 0.40396
0.00004 0.00002 0.00016 0.60488 0.00277 0.09907
0.00000 0.00000 0.00000 0.00000 0.79603 0.00000
