initial: 6
0.72204 0.00000 0.09111 0.18684 0.00000 0.00000

transition: 6
0.30814 0.01086 0.48218 0.00227 0.00000 0.19656
0.00060 0.21977 0.77044 0.00920 0.00000 0.00000
0.00174 0.51117 0.18736 0.29972 0.00000 0.00002
0.00110 0.20291 0.00003 0.59533 0.00002 0.20063
0.10515 0.00001 0.00000 0.00000 0.50505 0.38980
0.00062 0.39891 0.00001 0.00000 0.30333 0.29713

observation: 6
0.99418 0.49550 0.29501 0.09603 0.00241 0.09745
0.00236 0.00301 0.40850 0.09932 0.10377 0.09613
0.00291 0.00547 0.20120 0.80462 0.09096 0.31100
0.00055 0.49602 0.09529 0.00003 0.01078 0.39585
0.00000 0.00000 0.00000 0.00000 0.00360 0.09957
0.00000 0.00000 0.00000 0.00000 0.78849 0.00000
