initial: 6
0.00001 0.10387 0.09663 0.21044 0.00000 0.58905

transition: 6
0.20230 0.20407 0.59357 0.00005 0.00001 0.00001
0.01303 0.28720 0.51177 0.00036 0.00000 0.18764
0.49542 0.00632 0.19627 0.30197 0.00001 0.00001
0.20078 0.00028 0.00096 0.59884 0.00001 0.19913
0.00001 0.10222 0.00000 0.00000 0.50143 0.39635
0.39709 0.00009 0.00000 0.00000 0.30299 0.29983

observation: 6
0.49452 0.69862 0.30228 0.10020 0.00003 0.09896
0.00181 0.00183 0.39958 0.09961 0.10265 0.09586
0.00004 0.29858 0.19989 0.19638 0.09766 0.30159
0.50361 0.00094 0.09809 0.00000 0.00225 0.40266
0.00003 0.00004 0.00015 0.60381 0.00194 0.10093
0.00000 0.00000 0.00000 0.00000 0.79547 0.00000
