initial: 6
0.72346 0.00000 0.09026 0.18628 0.00000 0.00000

transition: 6
0.29591 0.01751 0.49894 0.00206 0.00000 0.18558
0.20273 0.20446 0.59230 0.00049 0.00000 0.00003
0.00437 0.49930 0.19412 0.30198 0.00001 0.00022
0.00063 0.20269 0.00017 0.59707 0.00001 0.19942
0.10770 0.00001 0.00000 0.00000 0.50142 0.39088
0.00137 0.39382 0.00001 0.00000 0.30568 0.29913

observation: 6
0.69393 0.49542 0.30042 0.09959 0.00084 0.09701
0.00253 0.00283 0.40118 0.09902 0.10208 0.09682
0.30248 0.00059 0.20025 0.19583 0.09693 0.30287
0.00102 0.50114 0.09790 0.00000 0.00253 0.40406
0.00004 0.00002 0.00026 0.60557 0.00274 0.09924
0.00000 0.00000 0.00000 0.00000 0.79489 0.00000
