initial: 6
0.00001 0.15133 0.06039 0.20914 0.00000 0.57913

transition: 6
0.17376 0.41168 0.41434 0.00012 0.00001 0.00008
0.14457 0.37744 0.29916 0.08627 0.00000 0.09256
0.52959 0.02209 0.11432 0.33397 0.00001 0.00001
0.19812 0.01008 0.00344 0.59556 0.00001 0.19278
0.00026 0.11074 0.00000 0.00000 0.51771 0.37129
0.40152 0.00309 0.00000 0.00000 0.32113 0.27426

observation: 6
0.47459 0.62196 0.20465 0.10078 0.00887 0.09472
0.00715 0.06144 0.50555 0.09517 0.09824 0.09134
0.00024 0.23938 0.18525 0.19499 0.10680 0.31007
0.51798 0.07719 0.10217 0.00000 0.01204 0.40010
0.00003 0.00004 0.00238 0.60906 0.00264 0.10377
0.00000 0.00000 0.00000 0.00000 0.77141 0.00000
