initial: 6
0.72128 0.00000 0.09163 0.18709 0.00000 0.00000

transition: 6
0.30813 0.00854 0.48478 0.00194 0.00000 0.19661
0.00057 0.21457 0.77726 0.00760 0.00000 0.00000
0.00150 0.50831 0.19091 0.29926 0.00000 0.00002
0.00083 0.20264 0.00003 0.59590 0.00002 0.20059
0.10510 0.00001 0.00000 0.00000 0.50362 0.39127
0.00050 0.39803 0.00001 0.00000 0.30270 0.29876

observation: 6
0.99465 0.49605 0.29599 0.09657 0.00201 0.09768
0.00226 0.00229 0.40638 0.09943 0.10370 0.09645
0.00275 0.00482 0.20063 0.80397 0.09091 0.31056
0.00034 0.49684 0.09700 0.00003 0.00954 0.39579
0.00000 0.00000 0.00000 0.00000 0.00331 0.09952
0.00000 0.00000 0.00000 0.00000 0.79053 0.00000
