initial: 6
0.72051 0.00000 0.09213 0.18736 0.00000 0.00000

transition: 6
0.30816 0.00603 0.48764 0.00153 0.00000 0.19664
0.00057 0.20914 0.78457 0.00571 0.00000 0.00000
0.00123 0.50516 0.19473 0.29886 0.00000 0.00002
0.00053 0.20236 0.00003 0.59653 0.00002 0.20053
0.10506 0.00001 0.00000 0.00000 0.50188 0.39305
0.00037 0.39696 0.00001 0.00000 0.30195 0.30071

observation: 6
0.99508 0.49669 0.29695 0.09718 0.00152 0.09795
0.00219 0.00151 0.40410 0.09956 0.10363 0.09681
0.00258 0.00405 0.20020 0.80324 0.09085 0.31006
0.00014 0.49775 0.09875 0.00003 0.00801 0.39572
0.00000 0.00000 0.00000 0.00000 0.00296 0.09946
0.00000 0.00000 0.00000 0.00000 0.79304 0.00000
