initial: 6
0.73059 0.00000 0.08421 0.18519 0.00000 0.00000

transition: 6
0.29667 0.03147 0.48724 0.00438 0.00000 0.18025
0.20742 0.21371 0.57700 0.00185 0.00000 0.00003
0.00569 0.50696 0.18055 0.30639 0.00001 0.00040
0.00140 0.20384 0.00019 0.59597 0.00001 0.19859
0.10802 0.00001 0.00000 0.00000 0.50365 0.38832
0.00280 0.39417 0.00001 0.00000 0.30787 0.29516

observation: 6
0.69077 0.49230 0.29596 0.09892 0.00205 0.09597
0.00516 0.00668 0.40733 0.09793 0.10199 0.09562
0.30215 0.00118 0.20102 0.19553 0.09668 0.30421
0.00189 0.49982 0.09509 0.00000 0.00458 0.40455
0.00004 0.00002 0.00059 0.60762 0.00267 0.09965
0.00000 0.00000 0.00000 0.00000 0.79202 0.00000
