initial: 6
0.77222 0.00071 0.08164 0.14543 0.00000 0.00000

transition: 6
0.40030 0.39230 0.14920 0.00733 0.01066 0.04021
0.18625 0.58438 0.20425 0.01891 0.00121 0.00499
0.15511 0.15765 0.03739 0.57859 0.00523 0.06603
0.12473 0.11666 0.06788 0.47031 0.00618 0.21422
0.11831 0.01865 0.00037 0.00166 0.61670 0.24431
0.34076 0.10903 0.00246 0.00002 0.33120 0.21653

observation: 6
0.56257 0.38978 0.26482 0.05201 0.02765 0.05351
0.04820 0.19782 0.39919 0.02149 0.10388 0.06629
0.22741 0.06513 0.26173 0.14549 0.15697 0.24944
0.15899 0.34559 0.01196 0.00446 0.03332 0.54655
0.00282 0.00168 0.06230 0.77655 0.03322 0.06150
0.00000 0.00000 0.00000 0.00000 0.64495 0.02271
