initial: 6
0.00001 0.11044 0.09195 0.21015 0.00000 0.58745

transition: 6
0.20229 0.22182 0.57583 0.00005 0.00001 0.00001
0.04524 0.29010 0.48272 0.00868 0.00000 0.17327
0.49702 0.00915 0.18695 0.30687 0.00001 0.00001
0.20073 0.00149 0.00127 0.59849 0.00001 0.19801
0.00001 0.10453 0.00000 0.00000 0.50388 0.39158
0.39810 0.00022 0.00000 0.00000 0.30573 0.29595

observation: 6
0.49218 0.68866 0.29477 0.10027 0.00111 0.09752
0.00300 0.00835 0.40857 0.09859 0.10163 0.09588
0.00004 0.29550 0.19765 0.19623 0.09917 0.30188
0.50475 0.00746 0.09871 0.00000 0.00414 0.40312
0.00003 0.00004 0.00032 0.60492 0.00194 0.10160
0.00000 0.00000 0.00000 0.00000 0.79200 0.00000
