initial: 6
0.00001 0.13264 0.07418 0.20965 0.00000 0.58352

transition: 6
0.19418 0.30548 0.50028 0.00005 0.00001 0.00001
0.11704 0.32138 0.37978 0.05540 0.00000 0.12641
0.51021 0.01602 0.15427 0.31948 0.00001 0.00001
0.20047 0.00474 0.00194 0.59776 0.00001 0.19508
0.00001 0.10843 0.00000 0.00000 0.51010 0.38147
0.40012 0.00094 0.00000 0.00000 0.31293 0.28602

observation: 6
0.48538 0.65814 0.25453 0.10100 0.00535 0.09476
0.00510 0.03271 0.45182 0.09686 0.09936 0.09475
0.00004 0.27359 0.18845 0.19613 0.10315 0.30468
0.50945 0.03553 0.10426 0.00000 0.00737 0.40307
0.00003 0.00004 0.00094 0.60601 0.00202 0.10273
0.00000 0.00000 0.00000 0.00000 0.78276 0.00000
