initial: 6
0.77850 0.00000 0.06583 0.15567 0.00000 0.00000

transition: 6
0.31248 0.21974 0.33941 0.00869 0.00088 0.11880
0.23241 0.39720 0.34151 0.02863 0.00001 0.00023
0.03265 0.56975 0.00448 0.36214 0.00225 0.02874
0.03624 0.16367 0.05442 0.52950 0.00172 0.21445
0.10400 0.00107 0.00000 0.00000 0.56357 0.33136
0.09443 0.35261 0.00025 0.00000 0.32713 0.22558

observation: 6
0.68973 0.41898 0.21965 0.07439 0.01613 0.08826
0.01958 0.08760 0.50123 0.04026 0.10819 0.07172
0.27611 0.01914 0.24591 0.17647 0.13071 0.28293
0.01245 0.47288 0.00562 0.00001 0.02207 0.45740
0.00213 0.00140 0.02760 0.70887 0.01273 0.09952
0.00000 0.00000 0.00000 0.00000 0.71017 0.00017
