initial: 6
0.50705 0.49295 0.00000 0.00000 0.00000 0.00000

transition: 6
0.29148 0.50907 0.00652 0.19262 0.00002 0.00030
0.00052 0.50249 0.19859 0.00004 0.00001 0.29836
0.00241 0.00027 0.20232 0.78880 0.00005 0.00615
0.00016 0.00098 0.00434 0.28129 0.51344 0.19979
0.00000 0.00000 0.00000 0.00000 0.50086 0.49914
0.59836 0.00005 0.20665 0.19494 0.00000 0.00000

observation: 6
0.00021 0.29928 0.00153 0.09974 0.29888 0.09846
0.09999 0.39612 0.00002 0.10134 0.00000 0.10054
0.40424 0.20028 0.48982 0.29585 0.30237 0.00000
0.49555 0.10432 0.50698 0.40305 0.00000 0.00000
0.00000 0.00000 0.00165 0.10001 0.00000 0.80100
0.00000 0.00000 0.00000 0.00000 0.39874 0.00000
