initial: 6
0.00001 0.10458 0.09614 0.21038 0.00000 0.58889

transition: 6
0.20235 0.20585 0.59173 0.00005 0.00001 0.00001
0.01722 0.28718 0.50860 0.00086 0.00000 0.18614
0.49544 0.00671 0.19525 0.30259 0.00001 0.00001
0.20076 0.00044 0.00099 0.59879 0.00001 0.19901
0.00001 0.10254 0.00000 0.00000 0.50176 0.39569
0.39725 0.00009 0.00000 0.00000 0.30332 0.29935

observation: 6
0.49422 0.69743 0.30158 0.10019 0.00005 0.09885
0.00197 0.00252 0.40050 0.09947 0.10252 0.09588
0.00004 0.29839 0.19966 0.19634 0.09786 0.30158
0.50374 0.00162 0.09811 0.00000 0.00262 0.40265
0.00003 0.00004 0.00016 0.60400 0.00194 0.10104
0.00000 0.00000 0.00000 0.00000 0.79500 0.00000
