initial: 6
0.72432 0.00000 0.08953 0.18614 0.00000 0.00000

transition: 6
0.30827 0.01722 0.47511 0.00303 0.00000 0.19637
0.00071 0.23428 0.75189 0.01311 0.00000 0.00000
0.00235 0.51866 0.17783 0.30114 0.00000 0.00002
0.00183 0.20354 0.00003 0.59383 0.00002 0.20075
0.10529 0.00001 0.00000 0.00000 0.50854 0.38616
0.00097 0.40099 0.00001 0.00000 0.30495 0.29309

observation: 6
0.99273 0.49408 0.29210 0.09457 0.00337 0.09686
0.00268 0.00496 0.41434 0.09904 0.10393 0.09533
0.00337 0.00707 0.20318 0.80636 0.09112 0.31205
0.00122 0.49389 0.09038 0.00003 0.01377 0.39605
0.00000 0.00000 0.00000 0.00000 0.00430 0.09972
0.00000 0.00000 0.00000 0.00000 0.78351 0.00000
