initial: 6
0.50637 0.49363 0.00000 0.00000 0.00000 0.00000

transition: 6
0.28913 0.49642 0.00781 0.20466 0.00002 0.00196
0.00314 0.50162 0.19842 0.00004 0.00001 0.29677
0.00292 0.00057 0.20915 0.78328 0.00011 0.00397
0.00020 0.00294 0.00524 0.26735 0.52168 0.20259
0.00000 0.00000 0.00000 0.00000 0.50097 0.49903
0.61561 0.00005 0.19366 0.19067 0.00000 0.00000

observation: 6
0.00008 0.29936 0.00404 0.10026 0.29850 0.09803
0.09817 0.39651 0.00002 0.10110 0.00000 0.10027
0.40565 0.19992 0.48667 0.29535 0.30266 0.00000
0.49611 0.10422 0.50393 0.40333 0.00000 0.00000
0.00000 0.00000 0.00534 0.09996 0.00000 0.80170
0.00000 0.00000 0.00000 0.00000 0.39884 0.00000
