initial: 6
0.00001 0.14761 0.06290 0.20930 0.00000 0.58018

transition: 6
0.17920 0.38733 0.43332 0.00010 0.00001 0.00004
0.14235 0.36298 0.31384 0.08192 0.00000 0.09891
0.52480 0.02061 0.12454 0.33004 0.00001 0.00001
0.19886 0.00862 0.00293 0.59627 0.00001 0.19331
0.00014 0.11030 0.00000 0.00000 0.51577 0.37378
0.40135 0.00237 0.00000 0.00000 0.31905 0.27723

observation: 6
0.47768 0.63071 0.21518 0.10100 0.00813 0.09455
0.00662 0.05438 0.49404 0.09563 0.09841 0.09236
0.00016 0.24764 0.18478 0.19541 0.10602 0.30861
0.51552 0.06723 0.10412 0.00000 0.01076 0.40094
0.00003 0.00004 0.00189 0.60796 0.00243 0.10354
0.00000 0.00000 0.00000 0.00000 0.77424 0.00000
