initial: 6
0.73243 0.00000 0.08370 0.18387 0.00000 0.00000

transition: 6
0.30837 0.03764 0.45351 0.00536 0.00000 0.19513
0.00124 0.27821 0.69772 0.02283 0.00000 0.00000
0.00455 0.53924 0.15046 0.30574 0.00000 0.00002
0.00439 0.20447 0.00003 0.58943 0.00002 0.20165
0.10588 0.00001 0.00000 0.00000 0.51895 0.37517
0.00231 0.40691 0.00001 0.00000 0.30968 0.28109

observation: 6
0.98713 0.48934 0.28256 0.09014 0.00594 0.09533
0.00426 0.01115 0.43212 0.09801 0.10453 0.09286
0.00505 0.01149 0.21110 0.81180 0.09252 0.31464
0.00356 0.48802 0.07422 0.00005 0.02199 0.39712
0.00000 0.00000 0.00000 0.00000 0.00641 0.10004
0.00000 0.00000 0.00000 0.00000 0.76861 0.00000
