initial: 6
0.71944 0.00000 0.09367 0.18689 0.00000 0.00000

transition: 6
0.29593 0.00931 0.50552 0.00072 0.00000 0.18853
0.20002 0.20078 0.59912 0.00006 0.00000 0.00003
0.00343 0.49632 0.20007 0.30003 0.00001 0.00015
0.00015 0.20228 0.00017 0.59762 0.00001 0.19976
0.10744 0.00001 0.00000 0.00000 0.49983 0.39273
0.00053 0.39351 0.00001 0.00000 0.30442 0.30154

observation: 6
0.69556 0.49712 0.30246 0.09990 0.00014 0.09762
0.00121 0.00105 0.39836 0.09963 0.10228 0.09727
0.30263 0.00022 0.20015 0.19610 0.09690 0.30226
0.00056 0.50158 0.09891 0.00000 0.00092 0.40392
0.00004 0.00002 0.00013 0.60437 0.00278 0.09893
0.00000 0.00000 0.00000 0.00000 0.79699 0.00000
