initial: 6
0.75248 0.00000 0.06798 0.17954 0.00000 0.00000

transition: 6
0.30116 0.08321 0.41969 0.01290 0.00000 0.18304
0.00430 0.34591 0.61581 0.03398 0.00000 0.00000
0.01420 0.57024 0.09974 0.31575 0.00000 0.00007
0.01284 0.20034 0.00013 0.58122 0.00010 0.20536
0.10736 0.00001 0.00000 0.00000 0.54376 0.34887
0.00844 0.41946 0.00004 0.00000 0.31882 0.25324

observation: 6
0.97182 0.47360 0.26668 0.08118 0.01103 0.09250
0.01000 0.02595 0.46041 0.09571 0.10650 0.08632
0.01000 0.02015 0.22782 0.82289 0.09873 0.31909
0.00818 0.48029 0.04509 0.00022 0.03836 0.40219
0.00000 0.00000 0.00000 0.00000 0.01152 0.09990
0.00000 0.00000 0.00000 0.00000 0.73386 0.00000
