initial: 6
0.71970 0.00000 0.09250 0.18780 0.00000 0.00000

transition: 6
0.30860 0.00169 0.49270 0.00045 0.00000 0.19655
0.00083 0.20098 0.79648 0.00170 0.00000 0.00000
0.00058 0.49971 0.20090 0.29880 0.00000 0.00002
0.00006 0.20193 0.00003 0.59772 0.00002 0.20025
0.10506 0.00001 0.00000 0.00000 0.49746 0.39747
0.00014 0.39420 0.00001 0.00000 0.30032 0.30534

observation: 6
0.99537 0.49804 0.29797 0.09825 0.00040 0.09836
0.00222 0.00022 0.40037 0.09985 0.10347 0.09752
0.00239 0.00231 0.20037 0.80187 0.09047 0.30899
0.00002 0.49943 0.10129 0.00003 0.00411 0.39569
0.00000 0.00000 0.00000 0.00000 0.00202 0.09945
0.00000 0.00000 0.00000 0.00000 0.79953 0.00000
