initial: 6
0.50130 0.49870 0.00000 0.00000 0.00000 0.00000

transition: 6
0.28460 0.46799 0.00873 0.23638 0.00005 0.00225
0.00449 0.50315 0.19846 0.00010 0.00001 0.29380
0.00422 0.00093 0.21240 0.77889 0.00021 0.00336
0.00029 0.00430 0.00611 0.25681 0.52761 0.20487
0.00000 0.00000 0.00000 0.00000 0.50099 0.49901
0.65942 0.00012 0.15265 0.18781 0.00000 0.00000

observation: 6
0.00009 0.29855 0.00618 0.10063 0.29838 0.09772
0.09269 0.39731 0.00004 0.10023 0.00000 0.09987
0.40960 0.19936 0.48457 0.29549 0.30276 0.00000
0.49761 0.10477 0.49885 0.40384 0.00000 0.00000
0.00000 0.00000 0.01036 0.09981 0.00000 0.80241
0.00000 0.00000 0.00000 0.00000 0.39886 0.00000
