initial: 6
0.72315 0.00000 0.09053 0.18632 0.00000 0.00000

transition: 6
0.29590 0.01688 0.49945 0.00195 0.00000 0.18582
0.20252 0.20412 0.59288 0.00044 0.00000 0.00003
0.00430 0.49904 0.19463 0.30181 0.00001 0.00021
0.00059 0.20265 0.00017 0.59712 0.00001 0.19946
0.10768 0.00001 0.00000 0.00000 0.50131 0.39100
0.00131 0.39380 0.00001 0.00000 0.30558 0.29931

observation: 6
0.69407 0.49555 0.30059 0.09961 0.00078 0.09706
0.00242 0.00268 0.40094 0.09906 0.10209 0.09686
0.30249 0.00056 0.20023 0.19585 0.09693 0.30282
0.00098 0.50119 0.09800 0.00000 0.00242 0.40404
0.00004 0.00002 0.00025 0.60548 0.00275 0.09922
0.00000 0.00000 0.00000 0.00000 0.79503 0.00000
