initial: 6
0.71964 0.00000 0.09252 0.18783 0.00000 0.00000

transition: 6
0.30875 0.00100 0.49358 0.00018 0.00000 0.19648
0.00106 0.19995 0.79812 0.00088 0.00000 0.00000
0.00035 0.49901 0.20166 0.29896 0.00000 0.00002
0.00006 0.20186 0.00003 0.59790 0.00002 0.20014
0.10507 0.00001 0.00000 0.00000 0.49625 0.39867
0.00014 0.39346 0.00001 0.00000 0.29993 0.30647

observation: 6
0.99537 0.49829 0.29793 0.09839 0.00016 0.09836
0.00225 0.00009 0.39982 0.09989 0.10345 0.09762
0.00237 0.00196 0.20065 0.80169 0.09027 0.30877
0.00002 0.49967 0.10160 0.00003 0.00299 0.39578
0.00000 0.00000 0.00000 0.00000 0.00176 0.09947
0.00000 0.00000 0.00000 0.00000 0.80137 0.00000
