initial: 6
0.72071 0.00000 0.09259 0.18670 0.00000 0.00000

transition: 6
0.29587 0.01198 0.50339 0.00114 0.00000 0.18762
0.20093 0.20177 0.59713 0.00015 0.00000 0.00003
0.00376 0.49714 0.19830 0.30065 0.00001 0.00015
0.00030 0.20239 0.00017 0.59745 0.00001 0.19967
0.10753 0.00001 0.00000 0.00000 0.50037 0.39209
0.00082 0.39358 0.00001 0.00000 0.30480 0.30079

observation: 6
0.69507 0.49656 0.30186 0.09982 0.00034 0.09745
0.00162 0.00160 0.39920 0.09943 0.10220 0.09714
0.30258 0.00036 0.20013 0.19600 0.09692 0.30242
0.00070 0.50146 0.09868 0.00000 0.00149 0.40394
0.00004 0.00002 0.00013 0.60475 0.00277 0.09905
0.00000 0.00000 0.00000 0.00000 0.79627 0.00000
