initial: 6
0.72234 0.00000 0.09121 0.18645 0.00000 0.00000

transition: 6
0.29588 0.01526 0.50077 0.00168 0.00000 0.18642
0.20199 0.20330 0.59435 0.00033 0.00000 0.00003
0.00413 0.49838 0.19590 0.30140 0.00001 0.00018
0.00050 0.20255 0.00017 0.59723 0.00001 0.19954
0.10764 0.00001 0.00000 0.00000 0.50101 0.39135
0.00115 0.39373 0.00001 0.00000 0.30533 0.29979

observation: 6
0.69441 0.49588 0.30103 0.09968 0.00063 0.09719
0.00215 0.00232 0.40034 0.09918 0.10212 0.09696
0.30252 0.00050 0.20019 0.19589 0.09693 0.30269
0.00089 0.50128 0.09823 0.00000 0.00213 0.40401
0.00004 0.00002 0.00022 0.60524 0.00276 0.09915
0.00000 0.00000 0.00000 0.00000 0.79542 0.00000
