initial: 6
0.71886 0.00000 0.09417 0.18697 0.00000 0.00000

transition: 6
0.29594 0.00815 0.50644 0.00053 0.00000 0.18894
0.19958 0.20047 0.59987 0.00006 0.00000 0.00003
0.00330 0.49604 0.20075 0.29976 0.00001 0.00015
0.00010 0.20225 0.00017 0.59768 0.00001 0.19979
0.10738 0.00001 0.00000 0.00000 0.49959 0.39302
0.00042 0.39347 0.00001 0.00000 0.30426 0.30184

observation: 6
0.69581 0.49735 0.30270 0.09991 0.00007 0.09769
0.00102 0.00082 0.39805 0.09972 0.10231 0.09731
0.30263 0.00020 0.20017 0.19614 0.09687 0.30219
0.00051 0.50162 0.09895 0.00000 0.00065 0.40393
0.00004 0.00002 0.00013 0.60422 0.00279 0.09887
0.00000 0.00000 0.00000 0.00000 0.79731 0.00000
