initial: 6
0.22807 0.03019 0.12250 0.20339 0.00056 0.41529

transition: 6
0.42696 0.48175 0.05999 0.00419 0.01245 0.01466
0.18454 0.51975 0.25848 0.02793 0.00173 0.00757
0.24116 0.08576 0.12820 0.49524 0.01340 0.03624
0.24947 0.07177 0.05583 0.48932 0.03366 0.09995
0.07464 0.04478 0.00314 0.00454 0.62664 0.24626
0.30591 0.06408 0.00384 0.00063 0.33149 0.29406

observation: 6
0.35583 0.53156 0.18439 0.05821 0.02241 0.09566
0.09148 0.16834 0.37350 0.02994 0.09831 0.06010
0.13550 0.10641 0.26961 0.15839 0.13569 0.33927
0.41588 0.19279 0.02721 0.02005 0.08947 0.36352
0.00131 0.00090 0.14529 0.73341 0.03000 0.05119
0.00001 0.00000 0.00000 0.00000 0.62412 0.09026
