initial: 6
0.00001 0.11382 0.08933 0.21009 0.00000 0.58676

transition: 6
0.20179 0.23213 0.56601 0.00005 0.00001 0.00001
0.05868 0.29317 0.46745 0.01493 0.00000 0.16577
0.49848 0.01029 0.18225 0.30896 0.00001 0.00001
0.20077 0.00196 0.00137 0.59840 0.00001 0.19749
0.00001 0.10536 0.00000 0.00000 0.50488 0.38976
0.39846 0.00030 0.00000 0.00000 0.30692 0.29432

observation: 6
0.49116 0.68408 0.29011 0.10037 0.00181 0.09686
0.00342 0.01180 0.41376 0.09824 0.10119 0.09582
0.00004 0.29318 0.19634 0.19622 0.09982 0.30214
0.50535 0.01090 0.09938 0.00000 0.00468 0.40336
0.00003 0.00004 0.00041 0.60516 0.00194 0.10181
0.00000 0.00000 0.00000 0.00000 0.79056 0.00000
