initial: 6
0.71976 0.00000 0.09249 0.18776 0.00000 0.00000

transition: 6
0.30849 0.00232 0.49193 0.00066 0.00000 0.19659
0.00073 0.20202 0.79486 0.00239 0.00000 0.00000
0.00070 0.50047 0.20010 0.29871 0.00000 0.00002
0.00011 0.20197 0.00003 0.59754 0.00002 0.20033
0.10505 0.00001 0.00000 0.00000 0.49835 0.39659
0.00014 0.39476 0.00001 0.00000 0.30062 0.30447

observation: 6
0.99538 0.49782 0.29792 0.09810 0.00060 0.09832
0.00220 0.00038 0.40090 0.09980 0.10349 0.09741
0.00240 0.00263 0.20021 0.80207 0.09058 0.30917
0.00002 0.49917 0.10098 0.00003 0.00490 0.39567
0.00000 0.00000 0.00000 0.00000 0.00222 0.09944
0.00000 0.00000 0.00000 0.00000 0.79821 0.00000
