initial: 6
0.78576 0.00000 0.07326 0.14098 0.00000 0.00000

transition: 6
0.35327 0.31702 0.23381 0.00625 0.00427 0.08538
0.20936 0.54675 0.21893 0.02384 0.00010 0.00102
0.07548 0.34162 0.00708 0.48358 0.00497 0.08726
0.06843 0.13476 0.08376 0.47330 0.00535 0.23440
0.10500 0.00500 0.00001 0.00007 0.60139 0.28853
0.21467 0.26985 0.00110 0.00000 0.30493 0.20945

observation: 6
0.67539 0.36600 0.23584 0.05717 0.02326 0.07569
0.02737 0.17468 0.44904 0.00933 0.10906 0.06102
0.25343 0.04762 0.26444 0.14747 0.15464 0.25037
0.04061 0.40948 0.00756 0.00030 0.02445 0.52657
0.00320 0.00223 0.04312 0.78573 0.02397 0.08412
0.00000 0.00000 0.00000 0.00000 0.66462 0.00224
