initial: 6
0.74812 0.00000 0.06931 0.18257 0.00000 0.00000

transition: 6
0.30052 0.06742 0.45740 0.00870 0.00000 0.16597
0.21988 0.24890 0.52356 0.00763 0.00000 0.00003
0.00918 0.53855 0.12637 0.32472 0.00004 0.00114
0.00370 0.20744 0.00050 0.59225 0.00001 0.19609
0.10819 0.00001 0.00000 0.00000 0.51041 0.38139
0.00780 0.39489 0.00001 0.00000 0.31398 0.28332

observation: 6
0.68155 0.48121 0.28123 0.09681 0.00461 0.09444
0.01308 0.02204 0.42809 0.09494 0.10342 0.08982
0.30107 0.00291 0.20552 0.19510 0.09672 0.30758
0.00421 0.49382 0.08317 0.00000 0.00896 0.40771
0.00010 0.00002 0.00199 0.61314 0.00319 0.10045
0.00000 0.00000 0.00000 0.00000 0.78310 0.00000
