initial: 6
0.00001 0.12282 0.08208 0.20989 0.00000 0.58520

transition: 6
0.19923 0.26375 0.53696 0.00005 0.00001 0.00001
0.08974 0.30433 0.42562 0.03404 0.00000 0.14628
0.50336 0.01310 0.16946 0.31407 0.00001 0.00001
0.20078 0.00317 0.00162 0.59817 0.00001 0.19625
0.00001 0.10704 0.00000 0.00000 0.50730 0.38565
0.39926 0.00054 0.00000 0.00000 0.30979 0.29041

observation: 6
0.48855 0.67212 0.27513 0.10070 0.00354 0.09559
0.00429 0.02135 0.42995 0.09753 0.10021 0.09549
0.00004 0.28526 0.19257 0.19623 0.10142 0.30312
0.50710 0.02122 0.10172 0.00000 0.00591 0.40353
0.00003 0.00004 0.00063 0.60555 0.00194 0.10228
0.00000 0.00000 0.00000 0.00000 0.78698 0.00000
