initial: 6
0.72132 0.00000 0.09207 0.18661 0.00000 0.00000

transition: 6
0.29586 0.01321 0.50240 0.00134 0.00000 0.18718
0.20133 0.20232 0.59610 0.00021 0.00000 0.00003
0.00390 0.49759 0.19743 0.30093 0.00001 0.00015
0.00038 0.20245 0.00017 0.59737 0.00001 0.19963
0.10757 0.00001 0.00000 0.00000 0.50061 0.39181
0.00094 0.39363 0.00001 0.00000 0.30500 0.30041

observation: 6
0.69482 0.49631 0.30155 0.09977 0.00045 0.09735
0.00181 0.00186 0.39961 0.09934 0.10217 0.09708
0.30256 0.00040 0.20015 0.19596 0.09693 0.30252
0.00077 0.50141 0.09851 0.00000 0.00174 0.40396
0.00004 0.00002 0.00017 0.60493 0.00277 0.09908
0.00000 0.00000 0.00000 0.00000 0.79594 0.00000
