initial: 6
0.00001 0.14006 0.06842 0.20949 0.00000 0.58202

transition: 6
0.18812 0.34294 0.46886 0.00006 0.00001 0.00001
0.13250 0.33900 0.34615 0.06996 0.00000 0.11238
0.51666 0.01820 0.14106 0.32406 0.00001 0.00001
0.19990 0.00634 0.00231 0.59721 0.00001 0.19423
0.00004 0.10936 0.00000 0.00000 0.51260 0.37800
0.40077 0.00145 0.00000 0.00000 0.31564 0.28214

observation: 6
0.48225 0.64582 0.23604 0.10111 0.00671 0.09448
0.00576 0.04248 0.47151 0.09632 0.09884 0.09383
0.00008 0.26214 0.18592 0.19591 0.10453 0.30633
0.51189 0.04951 0.10525 0.00000 0.00879 0.40226
0.00003 0.00004 0.00128 0.60665 0.00217 0.10310
0.00000 0.00000 0.00000 0.00000 0.77898 0.00000
