initial: 6
0.00001 0.10504 0.09583 0.21035 0.00000 0.58877

transition: 6
0.20237 0.20704 0.59053 0.00005 0.00001 0.00001
0.01981 0.28723 0.50655 0.00126 0.00000 0.18515
0.49547 0.00694 0.19459 0.30298 0.00001 0.00001
0.20074 0.00054 0.00104 0.59874 0.00001 0.19893
0.00001 0.10274 0.00000 0.00000 0.50196 0.39529
0.39734 0.00009 0.00000 0.00000 0.30353 0.29905

observation: 6
0.49404 0.69667 0.30111 0.10019 0.00010 0.09876
0.00207 0.00297 0.40110 0.09937 0.10244 0.09589
0.00004 0.29824 0.19951 0.19632 0.09798 0.30159
0.50383 0.00208 0.09813 0.00000 0.00282 0.40266
0.00003 0.00004 0.00016 0.60411 0.00194 0.10110
0.00000 0.00000 0.00000 0.00000 0.79472 0.00000
