initial: 6
0.74108 0.00000 0.07530 0.18363 0.00000 0.00000

transition: 6
0.29879 0.05233 0.46969 0.00727 0.00000 0.17191
0.21476 0.23252 0.54783 0.00486 0.00000 0.00003
0.00761 0.52344 0.15235 0.31582 0.00001 0.00076
0.00261 0.20601 0.00032 0.59395 0.00001 0.19710
0.10823 0.00001 0.00000 0.00000 0.50722 0.38455
0.00536 0.39458 0.00001 0.00000 0.31136 0.28868

observation: 6
0.68554 0.48644 0.28776 0.09777 0.00360 0.09487
0.00964 0.01461 0.41882 0.09619 0.10255 0.09271
0.30151 0.00214 0.20321 0.19526 0.09642 0.30633
0.00325 0.49679 0.08892 0.00000 0.00716 0.40599
0.00006 0.00002 0.00129 0.61079 0.00288 0.10010
0.00000 0.00000 0.00000 0.00000 0.78738 0.00000
