initial: 6
0.50686 0.49314 0.00000 0.00000 0.00000 0.00000

transition: 6
0.28964 0.50027 0.00774 0.20049 0.00002 0.00184
0.00285 0.50154 0.19842 0.00004 0.00001 0.29715
0.00273 0.00052 0.20828 0.78422 0.00009 0.00415
0.00018 0.00270 0.00508 0.26952 0.52042 0.20210
0.00000 0.00000 0.00000 0.00000 0.50096 0.49904
0.61023 0.00005 0.19845 0.19128 0.00000 0.00000

observation: 6
0.00008 0.29942 0.00367 0.10020 0.29854 0.09808
0.09883 0.39638 0.00002 0.10122 0.00000 0.10033
0.40518 0.20001 0.48701 0.29537 0.30262 0.00000
0.49591 0.10419 0.50461 0.40324 0.00000 0.00000
0.00000 0.00000 0.00469 0.09997 0.00000 0.80158
0.00000 0.00000 0.00000 0.00000 0.39884 0.00000
