initial: 6
0.00001 0.10391 0.09660 0.21044 0.00000 0.58904

transition: 6
0.20230 0.20418 0.59345 0.00005 0.00001 0.00001
0.01330 0.28720 0.51157 0.00039 0.00000 0.18755
0.49542 0.00634 0.19621 0.30201 0.00001 0.00001
0.20078 0.00029 0.00096 0.59884 0.00001 0.19912
0.00001 0.10224 0.00000 0.00000 0.50145 0.39630
0.39710 0.00009 0.00000 0.00000 0.30301 0.29980

observation: 6
0.49450 0.69854 0.30224 0.10020 0.00003 0.09896
0.00182 0.00187 0.39964 0.09960 0.10264 0.09586
0.00004 0.29857 0.19988 0.19638 0.09767 0.30158
0.50362 0.00098 0.09810 0.00000 0.00228 0.40265
0.00003 0.00004 0.00015 0.60382 0.00194 0.10094
0.00000 0.00000 0.00000 0.00000 0.79544 0.00000
