initial: 6
0.71863 0.00000 0.09437 0.18700 0.00000 0.00000

transition: 6
0.29598 0.00757 0.50688 0.00045 0.00000 0.18913
0.19938 0.20033 0.60021 0.00006 0.00000 0.00003
0.00322 0.49592 0.20107 0.29963 0.00001 0.00015
0.00010 0.20222 0.00017 0.59771 0.00001 0.19980
0.10736 0.00001 0.00000 0.00000 0.49948 0.39315
0.00034 0.39348 0.00001 0.00000 0.30421 0.30196

observation: 6
0.69591 0.49745 0.30282 0.09992 0.00007 0.09769
0.00094 0.00071 0.39790 0.09977 0.10233 0.09733
0.30262 0.00020 0.20018 0.19616 0.09687 0.30216
0.00050 0.50163 0.09897 0.00000 0.00049 0.40397
0.00004 0.00002 0.00013 0.60416 0.00279 0.09885
0.00000 0.00000 0.00000 0.00000 0.79745 0.00000
