initial: 6
0.72007 0.00000 0.09313 0.18681 0.00000 0.00000

transition: 6
0.29590 0.01060 0.50449 0.00092 0.00000 0.18809
0.20047 0.20123 0.59819 0.00009 0.00000 0.00003
0.00359 0.49671 0.19922 0.30033 0.00001 0.00015
0.00023 0.20233 0.00017 0.59754 0.00001 0.19972
0.10748 0.00001 0.00000 0.00000 0.50009 0.39242
0.00068 0.39354 0.00001 0.00000 0.30460 0.30118

observation: 6
0.69532 0.49684 0.30219 0.09986 0.00022 0.09755
0.00141 0.00132 0.39875 0.09953 0.10224 0.09721
0.30260 0.00030 0.20013 0.19605 0.09691 0.30233
0.00064 0.50152 0.09881 0.00000 0.00121 0.40392
0.00004 0.00002 0.00013 0.60456 0.00277 0.09900
0.00000 0.00000 0.00000 0.00000 0.79665 0.00000
