initial: 6
0.50717 0.49283 0.00000 0.00000 0.00000 0.00000

transition: 6
0.29126 0.50883 0.00692 0.19242 0.00002 0.00056
0.00088 0.50228 0.19851 0.00004 0.00001 0.29828
0.00217 0.00027 0.20286 0.78884 0.00005 0.00582
0.00016 0.00126 0.00434 0.28041 0.51392 0.19991
0.00000 0.00000 0.00000 0.00000 0.50086 0.49914
0.59859 0.00005 0.20674 0.19462 0.00000 0.00000

observation: 6
0.00011 0.29934 0.00186 0.09980 0.29884 0.09842
0.10000 0.39615 0.00002 0.10136 0.00000 0.10054
0.40429 0.20025 0.48947 0.29579 0.30240 0.00000
0.49561 0.10426 0.50673 0.40304 0.00000 0.00000
0.00000 0.00000 0.00192 0.10000 0.00000 0.80103
0.00000 0.00000 0.00000 0.00000 0.39876 0.00000
