initial: 6
0.50725 0.49275 0.00000 0.00000 0.00000 0.00000

transition: 6
0.29115 0.50866 0.00710 0.19237 0.00002 0.00072
0.00108 0.50217 0.19847 0.00004 0.00001 0.29824
0.00212 0.00027 0.20322 0.78870 0.00005 0.00565
0.00016 0.00142 0.00434 0.27975 0.51432 0.20000
0.00000 0.00000 0.00000 0.00000 0.50086 0.49914
0.59881 0.00005 0.20676 0.19438 0.00000 0.00000

observation: 6
0.00008 0.29936 0.00199 0.09985 0.29881 0.09840
0.10000 0.39615 0.00002 0.10137 0.00000 0.10053
0.40431 0.20024 0.48927 0.29575 0.30241 0.00000
0.49561 0.10424 0.50662 0.40304 0.00000 0.00000
0.00000 0.00000 0.00210 0.10000 0.00000 0.80107
0.00000 0.00000 0.00000 0.00000 0.39878 0.00000
