initial: 6
0.78296 0.00000 0.07388 0.14316 0.00000 0.00000

transition: 6
0.33555 0.28715 0.27147 0.00655 0.00274 0.09654
0.22067 0.49582 0.25720 0.02569 0.00005 0.00057
0.05478 0.44036 0.00457 0.42752 0.00418 0.06858
0.05778 0.13983 0.08147 0.48527 0.00414 0.23150
0.10289 0.00306 0.00000 0.00002 0.59134 0.30268
0.17043 0.30645 0.00077 0.00000 0.31071 0.21165

observation: 6
0.68966 0.37950 0.22151 0.06385 0.02098 0.08210
0.02348 0.14722 0.47440 0.01003 0.10948 0.06305
0.26017 0.03811 0.26095 0.15401 0.14883 0.26003
0.02373 0.43311 0.00570 0.00011 0.02364 0.50331
0.00296 0.00206 0.03744 0.77201 0.02030 0.09052
0.00000 0.00000 0.00000 0.00000 0.67677 0.00100
