initial: 6
0.50741 0.49259 0.00000 0.00000 0.00000 0.00000

transition: 6
0.29088 0.50808 0.00742 0.19255 0.00002 0.00105
0.00153 0.50191 0.19842 0.00004 0.00001 0.29810
0.00215 0.00033 0.20420 0.78803 0.00006 0.00524
0.00016 0.00172 0.00447 0.27779 0.51552 0.20033
0.00000 0.00000 0.00000 0.00000 0.50088 0.49912
0.59961 0.00005 0.20662 0.19373 0.00000 0.00000

observation: 6
0.00008 0.29941 0.00232 0.09992 0.29875 0.09833
0.09997 0.39615 0.00002 0.10139 0.00000 0.10050
0.40434 0.20023 0.48874 0.29564 0.30245 0.00000
0.49560 0.10421 0.50633 0.40306 0.00000 0.00000
0.00000 0.00000 0.00259 0.10000 0.00000 0.80117
0.00000 0.00000 0.00000 0.00000 0.39880 0.00000
