initial: 6
0.00001 0.10417 0.09641 0.21042 0.00000 0.58899

transition: 6
0.20233 0.20481 0.59279 0.00005 0.00001 0.00001
0.01485 0.28717 0.51041 0.00056 0.00000 0.18701
0.49541 0.00649 0.19585 0.30223 0.00001 0.00001
0.20078 0.00034 0.00096 0.59883 0.00001 0.19909
0.00001 0.10236 0.00000 0.00000 0.50157 0.39606
0.39716 0.00009 0.00000 0.00000 0.30313 0.29963

observation: 6
0.49440 0.69811 0.30198 0.10020 0.00003 0.09892
0.00187 0.00212 0.39997 0.09956 0.10259 0.09588
0.00004 0.29851 0.19980 0.19637 0.09775 0.30158
0.50366 0.00122 0.09809 0.00000 0.00243 0.40264
0.00003 0.00004 0.00015 0.60388 0.00194 0.10098
0.00000 0.00000 0.00000 0.00000 0.79527 0.00000
