initial: 6
0.71968 0.00000 0.09251 0.18781 0.00000 0.00000

transition: 6
0.30865 0.00144 0.49303 0.00035 0.00000 0.19653
0.00089 0.20061 0.79709 0.00142 0.00000 0.00000
0.00052 0.49943 0.20119 0.29884 0.00000 0.00002
0.00006 0.20190 0.00003 0.59778 0.00002 0.20021
0.10506 0.00001 0.00000 0.00000 0.49706 0.39787
0.00014 0.39394 0.00001 0.00000 0.30019 0.30573

observation: 6
0.99537 0.49812 0.29797 0.09830 0.00033 0.09836
0.00223 0.00016 0.40017 0.09986 0.10346 0.09756
0.00239 0.00219 0.20046 0.80181 0.09040 0.30892
0.00002 0.49952 0.10140 0.00003 0.00374 0.39571
0.00000 0.00000 0.00000 0.00000 0.00193 0.09946
0.00000 0.00000 0.00000 0.00000 0.80015 0.00000
