initial: 6
0.00007 0.15672 0.05716 0.20867 0.00000 0.57738

transition: 6
0.16530 0.44999 0.38425 0.00018 0.00005 0.00023
0.14455 0.40148 0.28019 0.09023 0.00000 0.08355
0.53801 0.02517 0.09476 0.34195 0.00006 0.00005
0.19669 0.01278 0.00471 0.59398 0.00005 0.19179
0.00068 0.11121 0.00000 0.00000 0.52123 0.36689
0.40147 0.00476 0.00000 0.00000 0.32496 0.26880

observation: 6
0.46872 0.60717 0.18998 0.10008 0.01010 0.09509
0.00804 0.07392 0.52164 0.09428 0.09807 0.08928
0.00050 0.22602 0.18816 0.19404 0.10795 0.31285
0.52268 0.09284 0.09660 0.00000 0.01448 0.39864
0.00006 0.00005 0.00362 0.61159 0.00309 0.10414
0.00000 0.00000 0.00000 0.00000 0.76631 0.00000
