initial: 6
0.00001 0.10704 0.09445 0.21025 0.00000 0.58825

transition: 6
0.20249 0.21227 0.58518 0.00005 0.00001 0.00001
0.03009 0.28788 0.49776 0.00348 0.00000 0.18078
0.49589 0.00787 0.19170 0.30452 0.00001 0.00001
0.20071 0.00094 0.00116 0.59861 0.00001 0.19858
0.00001 0.10349 0.00000 0.00000 0.50275 0.39375
0.39766 0.00013 0.00000 0.00000 0.30441 0.29779

observation: 6
0.49329 0.69356 0.29891 0.10019 0.00042 0.09829
0.00247 0.00494 0.40377 0.09902 0.10212 0.09590
0.00004 0.29739 0.19886 0.19627 0.09846 0.30167
0.50418 0.00407 0.09823 0.00000 0.00344 0.40282
0.00003 0.00004 0.00023 0.60453 0.00194 0.10132
0.00000 0.00000 0.00000 0.00000 0.79362 0.00000
