initial: 6
0.71966 0.00000 0.09252 0.18782 0.00000 0.00000

transition: 6
0.30867 0.00134 0.49315 0.00032 0.00000 0.19652
0.00092 0.20046 0.79732 0.00130 0.00000 0.00000
0.00049 0.49931 0.20132 0.29887 0.00000 0.00002
0.00006 0.20189 0.00003 0.59781 0.00002 0.20020
0.10506 0.00001 0.00000 0.00000 0.49689 0.39804
0.00014 0.39384 0.00001 0.00000 0.30013 0.30588

observation: 6
0.99537 0.49817 0.29796 0.09832 0.00030 0.09835
0.00223 0.00013 0.40009 0.09987 0.10345 0.09758
0.00238 0.00213 0.20050 0.80178 0.09037 0.30889
0.00002 0.49957 0.10145 0.00003 0.00359 0.39572
0.00000 0.00000 0.00000 0.00000 0.00190 0.09946
0.00000 0.00000 0.00000 0.00000 0.80039 0.00000
