initial: 6
0.71968 0.00000 0.09251 0.18781 0.00000 0.00000

transition: 6
0.30862 0.00156 0.49289 0.00039 0.00000 0.19654
0.00086 0.20078 0.79681 0.00155 0.00000 0.00000
0.00055 0.49956 0.20106 0.29882 0.00000 0.00002
0.00006 0.20192 0.00003 0.59775 0.00002 0.20023
0.10506 0.00001 0.00000 0.00000 0.49724 0.39769
0.00014 0.39406 0.00001 0.00000 0.30025 0.30555

observation: 6
0.99537 0.49808 0.29797 0.09828 0.00036 0.09836
0.00223 0.00019 0.40026 0.09986 0.10346 0.09754
0.00239 0.00225 0.20041 0.80184 0.09043 0.30895
0.00002 0.49948 0.10135 0.00003 0.00392 0.39570
0.00000 0.00000 0.00000 0.00000 0.00197 0.09946
0.00000 0.00000 0.00000 0.00000 0.79987 0.00000
