initial: 6
0.72677 0.00000 0.08779 0.18544 0.00000 0.00000

transition: 6
0.30840 0.02361 0.46815 0.00374 0.00000 0.19611
0.00085 0.24866 0.73393 0.01656 0.00000 0.00000
0.00298 0.52564 0.16874 0.30262 0.00000 0.00002
0.00259 0.20402 0.00003 0.59240 0.00002 0.20095
0.10546 0.00001 0.00000 0.00000 0.51182 0.38271
0.00134 0.40289 0.00001 0.00000 0.30647 0.28930

observation: 6
0.99110 0.49268 0.28908 0.09316 0.00423 0.09634
0.00310 0.00690 0.42011 0.09875 0.10410 0.09455
0.00386 0.00852 0.20551 0.80807 0.09140 0.31297
0.00194 0.49191 0.08530 0.00003 0.01648 0.39629
0.00000 0.00000 0.00000 0.00000 0.00496 0.09984
0.00000 0.00000 0.00000 0.00000 0.77883 0.00000
