initial: 6
0.00001 0.10993 0.09233 0.21017 0.00000 0.58756

transition: 6
0.20234 0.22031 0.57729 0.00005 0.00001 0.00001
0.04305 0.28970 0.48503 0.00780 0.00000 0.17442
0.49682 0.00897 0.18767 0.30652 0.00001 0.00001
0.20073 0.00141 0.00125 0.59850 0.00001 0.19810
0.00001 0.10439 0.00000 0.00000 0.50372 0.39189
0.39804 0.00021 0.00000 0.00000 0.30554 0.29622

observation: 6
0.49234 0.68938 0.29543 0.10025 0.00100 0.09763
0.00293 0.00782 0.40781 0.09865 0.10170 0.09589
0.00004 0.29582 0.19784 0.19623 0.09907 0.30184
0.50466 0.00694 0.09862 0.00000 0.00405 0.40308
0.00003 0.00004 0.00031 0.60487 0.00194 0.10156
0.00000 0.00000 0.00000 0.00000 0.79224 0.00000
