initial: 6
0.71974 0.00000 0.09249 0.18778 0.00000 0.00000

transition: 6
0.30854 0.00209 0.49220 0.00059 0.00000 0.19659
0.00076 0.20164 0.79545 0.00215 0.00000 0.00000
0.00065 0.50020 0.20039 0.29874 0.00000 0.00002
0.00008 0.20196 0.00003 0.59760 0.00002 0.20031
0.10506 0.00001 0.00000 0.00000 0.49805 0.39688
0.00014 0.39458 0.00001 0.00000 0.30051 0.30476

observation: 6
0.99538 0.49791 0.29795 0.09817 0.00054 0.09834
0.00221 0.00032 0.40070 0.09982 0.10348 0.09744
0.00240 0.00252 0.20026 0.80198 0.09054 0.30910
0.00002 0.49925 0.10109 0.00003 0.00463 0.39568
0.00000 0.00000 0.00000 0.00000 0.00216 0.09944
0.00000 0.00000 0.00000 0.00000 0.79864 0.00000
