initial: 6
0.72062 0.00000 0.09206 0.18732 0.00000 0.00000

transition: 6
0.30815 0.00643 0.48717 0.00160 0.00000 0.19664
0.00057 0.21000 0.78341 0.00603 0.00000 0.00000
0.00128 0.50567 0.19412 0.29892 0.00000 0.00002
0.00058 0.20241 0.00003 0.59643 0.00002 0.20054
0.10507 0.00001 0.00000 0.00000 0.50218 0.39275
0.00039 0.39715 0.00001 0.00000 0.30208 0.30038

observation: 6
0.99502 0.49658 0.29680 0.09708 0.00160 0.09790
0.00220 0.00164 0.40446 0.09954 0.10364 0.09675
0.00261 0.00418 0.20025 0.80335 0.09086 0.31014
0.00017 0.49760 0.09848 0.00003 0.00828 0.39573
0.00000 0.00000 0.00000 0.00000 0.00302 0.09947
0.00000 0.00000 0.00000 0.00000 0.79260 0.00000
