initial: 6
0.78924 0.16293 0.02178 0.01881 0.00489 0.00235

transition: 6
0.41393 0.37667 0.08197 0.06437 0.02745 0.03561
0.15269 0.42231 0.28510 0.07345 0.02825 0.03820
0.14673 0.13751 0.32379 0.28600 0.04986 0.05610
0.13603 0.12879 0.11149 0.32910 0.22295 0.07165
0.06428 0.05763 0.05072 0.06276 0.48457 0.28003
0.28582 0.08445 0.06651 0.07350 0.16553 0.32419

observation: 6
0.55348 0.41108 0.19559 0.12738 0.06682 0.13155
0.14251 0.20841 0.21371 0.15942 0.06884 0.09498
0.11914 0.15762 0.34852 0.50436 0.40893 0.29402
0.18399 0.22253 0.24098 0.20101 0.15911 0.30512
0.00074 0.00033 0.00108 0.00572 0.04271 0.03547
0.00014 0.00003 0.00012 0.00211 0.25359 0.13887
