initial: 6
0.50428 0.49572 0.00000 0.00000 0.00000 0.00000

transition: 6
0.28724 0.48338 0.00816 0.21904 0.00002 0.00216
0.00384 0.50222 0.19839 0.00007 0.00001 0.29547
0.00351 0.00072 0.21099 0.78103 0.00015 0.00359
0.00024 0.00360 0.00566 0.26181 0.52486 0.20384
0.00000 0.00000 0.00000 0.00000 0.50100 0.49900
0.63483 0.00009 0.17591 0.18917 0.00000 0.00000

observation: 6
0.00008 0.29905 0.00508 0.10043 0.29843 0.09787
0.09574 0.39689 0.00002 0.10069 0.00000 0.10008
0.40736 0.19964 0.48578 0.29538 0.30273 0.00000
0.49682 0.10441 0.50167 0.40361 0.00000 0.00000
0.00000 0.00000 0.00745 0.09990 0.00000 0.80205
0.00000 0.00000 0.00000 0.00000 0.39884 0.00000
