initial: 6
0.00001 0.10658 0.09478 0.21026 0.00000 0.58837

transition: 6
0.20248 0.21102 0.58644 0.00005 0.00001 0.00001
0.02781 0.28767 0.49982 0.00289 0.00000 0.18181
0.49577 0.00767 0.19237 0.30418 0.00001 0.00001
0.20071 0.00086 0.00114 0.59863 0.00001 0.19866
0.00001 0.10333 0.00000 0.00000 0.50258 0.39408
0.39760 0.00011 0.00000 0.00000 0.30421 0.29807

observation: 6
0.49345 0.69427 0.29944 0.10018 0.00034 0.09840
0.00239 0.00448 0.40313 0.09909 0.10219 0.09590
0.00004 0.29761 0.19902 0.19628 0.09836 0.30165
0.50409 0.00361 0.09820 0.00000 0.00332 0.40278
0.00003 0.00004 0.00021 0.60445 0.00194 0.10128
0.00000 0.00000 0.00000 0.00000 0.79386 0.00000
