initial: 6
0.74359 0.00000 0.07516 0.18125 0.00000 0.00000

transition: 6
0.30611 0.06291 0.43128 0.00905 0.00000 0.19065
0.00247 0.32156 0.64546 0.03050 0.00000 0.00000
0.00879 0.55886 0.12113 0.31118 0.00000 0.00004
0.00852 0.20328 0.00008 0.58456 0.00006 0.20351
0.10672 0.00001 0.00000 0.00000 0.53251 0.36076
0.00502 0.41413 0.00001 0.00000 0.31511 0.26572

observation: 6
0.97879 0.48165 0.27248 0.08489 0.00882 0.09372
0.00723 0.01923 0.45017 0.09661 0.10555 0.08940
0.00764 0.01647 0.22112 0.81837 0.09571 0.31715
0.00635 0.48265 0.05624 0.00013 0.03134 0.39960
0.00000 0.00000 0.00000 0.00000 0.00920 0.10013
0.00000 0.00000 0.00000 0.00000 0.74938 0.00000
