initial: 6
0.50717 0.49283 0.00000 0.00000 0.00000 0.00000

transition: 6
0.29125 0.50881 0.00694 0.19241 0.00002 0.00058
0.00090 0.50227 0.19851 0.00004 0.00001 0.29828
0.00216 0.00027 0.20290 0.78883 0.00005 0.00580
0.00016 0.00128 0.00434 0.28036 0.51395 0.19991
0.00000 0.00000 0.00000 0.00000 0.50085 0.49915
0.59861 0.00005 0.20675 0.19460 0.00000 0.00000

observation: 6
0.00010 0.29934 0.00188 0.09981 0.29884 0.09842
0.10000 0.39615 0.00002 0.10136 0.00000 0.10054
0.40430 0.20025 0.48945 0.29579 0.30240 0.00000
0.49561 0.10426 0.50671 0.40304 0.00000 0.00000
0.00000 0.00000 0.00194 0.10000 0.00000 0.80103
0.00000 0.00000 0.00000 0.00000 0.39876 0.00000
