initial: 6
0.72876 0.00000 0.08577 0.18547 0.00000 0.00000

transition: 6
0.29641 0.02789 0.49026 0.00380 0.00000 0.18164
0.20621 0.21103 0.58129 0.00144 0.00000 0.00003
0.00537 0.50473 0.18443 0.30512 0.00001 0.00035
0.00121 0.20351 0.00017 0.59627 0.00001 0.19883
0.10795 0.00001 0.00000 0.00000 0.50310 0.38895
0.00242 0.39409 0.00001 0.00000 0.30729 0.29618

observation: 6
0.69162 0.49314 0.29720 0.09910 0.00176 0.09621
0.00445 0.00559 0.40561 0.09822 0.10198 0.09599
0.30224 0.00103 0.20076 0.19559 0.09676 0.30385
0.00166 0.50022 0.09592 0.00000 0.00410 0.40439
0.00004 0.00002 0.00050 0.60709 0.00267 0.09956
0.00000 0.00000 0.00000 0.00000 0.79273 0.00000
