initial: 6
0.00001 0.11769 0.08624 0.21001 0.00000 0.58605

transition: 6
0.20090 0.24503 0.55400 0.00005 0.00001 0.00001
0.07281 0.29750 0.44956 0.02289 0.00000 0.15724
0.50042 0.01153 0.17680 0.31123 0.00001 0.00001
0.20080 0.00248 0.00148 0.59831 0.00001 0.19693
0.00001 0.10616 0.00000 0.00000 0.50594 0.38789
0.39882 0.00040 0.00000 0.00000 0.30820 0.29259

observation: 6
0.49003 0.67893 0.28411 0.10051 0.00257 0.09624
0.00383 0.01585 0.42032 0.09791 0.10074 0.09571
0.00004 0.29007 0.19475 0.19623 0.10052 0.30252
0.50607 0.01512 0.10033 0.00000 0.00522 0.40350
0.00003 0.00004 0.00050 0.60535 0.00194 0.10203
0.00000 0.00000 0.00000 0.00000 0.78900 0.00000
