initial: 6
0.50743 0.49257 0.00000 0.00000 0.00000 0.00000

transition: 6
0.29049 0.50629 0.00760 0.19415 0.00002 0.00145
0.00211 0.50163 0.19840 0.00004 0.00001 0.29781
0.00234 0.00042 0.20588 0.78657 0.00006 0.00473
0.00016 0.00213 0.00471 0.27459 0.51745 0.20096
0.00000 0.00000 0.00000 0.00000 0.50092 0.49908
0.60203 0.00005 0.20520 0.19273 0.00000 0.00000

observation: 6
0.00008 0.29945 0.00284 0.10003 0.29866 0.09823
0.09977 0.39619 0.00002 0.10137 0.00000 0.10045
0.40451 0.20017 0.48797 0.29550 0.30252 0.00000
0.49564 0.10419 0.50580 0.40310 0.00000 0.00000
0.00000 0.00000 0.00337 0.09999 0.00000 0.80133
0.00000 0.00000 0.00000 0.00000 0.39882 0.00000
