initial: 6
0.71974 0.00000 0.09249 0.18777 0.00000 0.00000

transition: 6
0.30852 0.00216 0.49212 0.00061 0.00000 0.19659
0.00075 0.20176 0.79526 0.00223 0.00000 0.00000
0.00066 0.50029 0.20030 0.29873 0.00000 0.00002
0.00009 0.20196 0.00003 0.59758 0.00002 0.20032
0.10505 0.00001 0.00000 0.00000 0.49815 0.39679
0.00014 0.39464 0.00001 0.00000 0.30055 0.30467

observation: 6
0.99538 0.49788 0.29794 0.09815 0.00056 0.09833
0.00221 0.00034 0.40076 0.09981 0.10349 0.09743
0.00240 0.00255 0.20024 0.80201 0.09056 0.30912
0.00002 0.49923 0.10106 0.00003 0.00472 0.39568
0.00000 0.00000 0.00000 0.00000 0.00218 0.09943
0.00000 0.00000 0.00000 0.00000 0.79850 0.00000
