initial: 6
0.71972 0.00000 0.09249 0.18778 0.00000 0.00000

transition: 6
0.30856 0.00196 0.49236 0.00055 0.00000 0.19657
0.00078 0.20142 0.79578 0.00201 0.00000 0.00000
0.00063 0.50004 0.20056 0.29876 0.00000 0.00002
0.00006 0.20195 0.00003 0.59764 0.00002 0.20030
0.10506 0.00001 0.00000 0.00000 0.49787 0.39707
0.00014 0.39446 0.00001 0.00000 0.30045 0.30494

observation: 6
0.99537 0.49795 0.29796 0.09820 0.00050 0.09834
0.00221 0.00028 0.40060 0.09983 0.10348 0.09747
0.00240 0.00246 0.20029 0.80194 0.09052 0.30907
0.00002 0.49931 0.10116 0.00003 0.00447 0.39568
0.00000 0.00000 0.00000 0.00000 0.00212 0.09944
0.00000 0.00000 0.00000 0.00000 0.79892 0.00000
