initial: 6
0.71964 0.00000 0.09253 0.18783 0.00000 0.00000

transition: 6
0.30876 0.00098 0.49361 0.00017 0.00000 0.19648
0.00107 0.19993 0.79814 0.00086 0.00000 0.00000
0.00034 0.49900 0.20167 0.29897 0.00000 0.00002
0.00006 0.20186 0.00003 0.59790 0.00002 0.20014
0.10507 0.00001 0.00000 0.00000 0.49621 0.39871
0.00014 0.39343 0.00001 0.00000 0.29992 0.30650

observation: 6
0.99537 0.49829 0.29793 0.09840 0.00015 0.09836
0.00225 0.00009 0.39981 0.09989 0.10345 0.09762
0.00237 0.00195 0.20066 0.80169 0.09026 0.30876
0.00002 0.49967 0.10161 0.00003 0.00295 0.39578
0.00000 0.00000 0.00000 0.00000 0.00175 0.09947
0.00000 0.00000 0.00000 0.00000 0.80143 0.00000
