initial: 6
0.50715 0.49285 0.00000 0.00000 0.00000 0.00000

transition: 6
0.29130 0.50888 0.00686 0.19244 0.00002 0.00051
0.00082 0.50232 0.19852 0.00004 0.00001 0.29830
0.00220 0.00027 0.20276 0.78885 0.00005 0.00588
0.00016 0.00120 0.00434 0.28055 0.51385 0.19990
0.00000 0.00000 0.00000 0.00000 0.50086 0.49914
0.59855 0.00005 0.20672 0.19468 0.00000 0.00000

observation: 6
0.00014 0.29933 0.00180 0.09978 0.29885 0.09843
0.09999 0.39614 0.00002 0.10136 0.00000 0.10054
0.40428 0.20026 0.48954 0.29580 0.30239 0.00000
0.49559 0.10427 0.50678 0.40305 0.00000 0.00000
0.00000 0.00000 0.00186 0.10000 0.00000 0.80103
0.00000 0.00000 0.00000 0.00000 0.39876 0.00000
