initial: 6
0.71979 0.00000 0.09248 0.18772 0.00000 0.00000

transition: 6
0.30841 0.00280 0.49137 0.00081 0.00000 0.19662
0.00068 0.20285 0.79358 0.00288 0.00000 0.00000
0.00080 0.50106 0.19945 0.29868 0.00000 0.00002
0.00016 0.20202 0.00003 0.59740 0.00002 0.20038
0.10505 0.00001 0.00000 0.00000 0.49894 0.39601
0.00019 0.39512 0.00001 0.00000 0.30082 0.30386

observation: 6
0.99541 0.49765 0.29784 0.09798 0.00075 0.09828
0.00218 0.00052 0.40130 0.09977 0.10351 0.09732
0.00240 0.00285 0.20013 0.80223 0.09064 0.30930
0.00002 0.49899 0.10072 0.00003 0.00542 0.39567
0.00000 0.00000 0.00000 0.00000 0.00235 0.09943
0.00000 0.00000 0.00000 0.00000 0.79733 0.00000
