initial: 6
0.09097 0.08626 0.11864 0.17188 0.00000 0.53224

transition: 6
0.23506 0.52670 0.21056 0.00137 0.01192 0.01439
0.15171 0.49422 0.28991 0.04171 0.00018 0.02228
0.49603 0.05969 0.01920 0.39287 0.00566 0.02655
0.19519 0.04792 0.07651 0.50727 0.00447 0.16864
0.06230 0.07130 0.00016 0.00023 0.55872 0.30729
0.35573 0.04906 0.00038 0.00000 0.38710 0.20772

observation: 6
0.37312 0.56948 0.15787 0.08233 0.01546 0.09324
0.03269 0.13472 0.49158 0.02676 0.09562 0.07981
0.06249 0.13705 0.27453 0.15672 0.11404 0.35899
0.53039 0.15816 0.00825 0.00070 0.04505 0.36757
0.00132 0.00060 0.06777 0.73349 0.01604 0.09997
0.00000 0.00000 0.00000 0.00000 0.71378 0.00041
