initial: 6
0.00001 0.10364 0.09680 0.21045 0.00000 0.58909

transition: 6
0.20228 0.20350 0.59415 0.00005 0.00001 0.00001
0.01161 0.28724 0.51280 0.00024 0.00000 0.18811
0.49542 0.00620 0.19660 0.30176 0.00001 0.00001
0.20079 0.00022 0.00096 0.59886 0.00001 0.19917
0.00001 0.10211 0.00000 0.00000 0.50130 0.39658
0.39703 0.00009 0.00000 0.00000 0.30289 0.30000

observation: 6
0.49461 0.69901 0.30250 0.10020 0.00003 0.09899
0.00175 0.00161 0.39930 0.09966 0.10270 0.09585
0.00004 0.29862 0.19997 0.19639 0.09759 0.30159
0.50357 0.00073 0.09809 0.00000 0.00212 0.40266
0.00003 0.00004 0.00015 0.60375 0.00193 0.10090
0.00000 0.00000 0.00000 0.00000 0.79564 0.00000
