initial: 6
0.73908 0.00000 0.07700 0.18392 0.00000 0.00000

transition: 6
0.29832 0.04828 0.47305 0.00679 0.00000 0.17356
0.21332 0.22849 0.55396 0.00420 0.00000 0.00003
0.00722 0.51981 0.15856 0.31372 0.00001 0.00068
0.00236 0.20558 0.00029 0.59438 0.00001 0.19740
0.10821 0.00001 0.00000 0.00000 0.50646 0.38532
0.00480 0.39450 0.00001 0.00000 0.31066 0.29003

observation: 6
0.68659 0.48771 0.28945 0.09801 0.00332 0.09504
0.00873 0.01286 0.41643 0.09653 0.10238 0.09339
0.30164 0.00194 0.20270 0.19530 0.09642 0.30593
0.00299 0.49747 0.09028 0.00000 0.00668 0.40563
0.00005 0.00002 0.00113 0.61016 0.00282 0.10001
0.00000 0.00000 0.00000 0.00000 0.78838 0.00000
