initial: 6
0.50245 0.49755 0.00000 0.00000 0.00000 0.00000

transition: 6
0.28562 0.47362 0.00850 0.23000 0.00004 0.00223
0.00426 0.50280 0.19842 0.00009 0.00001 0.29443
0.00395 0.00085 0.21192 0.77967 0.00019 0.00343
0.00027 0.00404 0.00594 0.25852 0.52669 0.20453
0.00000 0.00000 0.00000 0.00000 0.50100 0.49900
0.65017 0.00011 0.16144 0.18828 0.00000 0.00000

observation: 6
0.00008 0.29875 0.00578 0.10055 0.29840 0.09778
0.09383 0.39716 0.00003 0.10039 0.00000 0.09994
0.40876 0.19946 0.48507 0.29544 0.30275 0.00000
0.49733 0.10463 0.49990 0.40377 0.00000 0.00000
0.00000 0.00000 0.00921 0.09984 0.00000 0.80228
0.00000 0.00000 0.00000 0.00000 0.39885 0.00000
