initial: 6
0.73728 0.00000 0.07853 0.18419 0.00000 0.00000

transition: 6
0.29792 0.04465 0.47609 0.00632 0.00000 0.17501
0.21203 0.22502 0.55928 0.00364 0.00000 0.00003
0.00688 0.51672 0.16382 0.31195 0.00001 0.00061
0.00214 0.20519 0.00026 0.59474 0.00001 0.19766
0.10819 0.00001 0.00000 0.00000 0.50582 0.38599
0.00433 0.39444 0.00001 0.00000 0.31004 0.29119

observation: 6
0.68752 0.48880 0.29094 0.09821 0.00306 0.09521
0.00793 0.01137 0.41435 0.09684 0.10225 0.09394
0.30176 0.00177 0.20228 0.19534 0.09645 0.30557
0.00275 0.49804 0.09144 0.00000 0.00624 0.40534
0.00004 0.00002 0.00100 0.60961 0.00277 0.09993
0.00000 0.00000 0.00000 0.00000 0.78922 0.00000
