initial: 6
0.50708 0.49292 0.00000 0.00000 0.00000 0.00000

transition: 6
0.29144 0.50901 0.00659 0.19257 0.00002 0.00037
0.00059 0.50245 0.19858 0.00004 0.00001 0.29834
0.00234 0.00027 0.20247 0.78879 0.00005 0.00608
0.00016 0.00105 0.00434 0.28108 0.51357 0.19981
0.00000 0.00000 0.00000 0.00000 0.50086 0.49914
0.59842 0.00005 0.20668 0.19486 0.00000 0.00000

observation: 6
0.00020 0.29929 0.00160 0.09976 0.29887 0.09845
0.09999 0.39612 0.00002 0.10135 0.00000 0.10054
0.40425 0.20028 0.48974 0.29584 0.30238 0.00000
0.49556 0.10431 0.50692 0.40305 0.00000 0.00000
0.00000 0.00000 0.00172 0.10000 0.00000 0.80100
0.00000 0.00000 0.00000 0.00000 0.39875 0.00000
