initial: 6
0.77637 0.00000 0.05140 0.17223 0.00000 0.00000

transition: 6
0.25426 0.16966 0.41447 0.03616 0.00003 0.12543
0.02897 0.38608 0.54744 0.03750 0.00000 0.00000
0.05938 0.57762 0.03200 0.33023 0.00000 0.00077
0.04013 0.16564 0.00080 0.57115 0.00066 0.22161
0.10763 0.00002 0.00000 0.00000 0.59138 0.30096
0.03772 0.43438 0.00112 0.00000 0.32484 0.20194

observation: 6
0.95208 0.42165 0.25199 0.07062 0.01976 0.09024
0.01643 0.05062 0.48330 0.09282 0.10941 0.07480
0.01947 0.03489 0.24528 0.83549 0.11219 0.32603
0.01203 0.49284 0.01943 0.00106 0.06497 0.41314
0.00000 0.00000 0.00000 0.00000 0.02131 0.09579
0.00000 0.00000 0.00000 0.00000 0.67236 0.00000
