initial: 6
0.50003 0.49997 0.00000 0.00000 0.00000 0.00000

transition: 6
0.28344 0.46198 0.00901 0.24323 0.00007 0.00226
0.00474 0.50353 0.19853 0.00011 0.00001 0.29307
0.00453 0.00102 0.21291 0.77799 0.00024 0.00330
0.00031 0.00459 0.00630 0.25510 0.52852 0.20518
0.00000 0.00000 0.00000 0.00000 0.50099 0.49901
0.66962 0.00013 0.14293 0.18733 0.00000 0.00000

observation: 6
0.00010 0.29834 0.00661 0.10071 0.29837 0.09767
0.09146 0.39748 0.00005 0.10007 0.00000 0.09979
0.41055 0.19926 0.48394 0.29555 0.30276 0.00000
0.49790 0.10493 0.49768 0.40391 0.00000 0.00000
0.00000 0.00000 0.01173 0.09976 0.00000 0.80254
0.00000 0.00000 0.00000 0.00000 0.39887 0.00000
