initial: 6
0.49445 0.50555 0.00000 0.00000 0.00000 0.00000

transition: 6
0.23086 0.41010 0.03637 0.31154 0.00719 0.00395
0.02686 0.48302 0.21596 0.00639 0.01058 0.25719
0.06292 0.02046 0.15325 0.74163 0.01523 0.00650
0.00395 0.02936 0.02277 0.25490 0.51327 0.17574
0.00000 0.00023 0.00000 0.00000 0.50389 0.49588
0.82530 0.00089 0.01021 0.16241 0.00119 0.00000

observation: 6
0.00104 0.29964 0.03037 0.08517 0.30279 0.09375
0.07639 0.40628 0.01657 0.09014 0.00019 0.09578
0.42348 0.19382 0.42011 0.29953 0.30208 0.00000
0.49909 0.10014 0.41498 0.42364 0.00000 0.00000
0.00000 0.00012 0.11797 0.10152 0.00063 0.81046
0.00000 0.00000 0.00000 0.00000 0.39430 0.00000
