initial: 6
0.00001 0.11229 0.09052 0.21012 0.00000 0.58706

transition: 6
0.20206 0.22737 0.57051 0.00005 0.00001 0.00001
0.05277 0.29169 0.47439 0.01201 0.00000 0.16915
0.49779 0.00979 0.18437 0.30803 0.00001 0.00001
0.20075 0.00175 0.00133 0.59844 0.00001 0.19772
0.00001 0.10500 0.00000 0.00000 0.50444 0.39055
0.39830 0.00026 0.00000 0.00000 0.30640 0.29503

observation: 6
0.49162 0.68613 0.29227 0.10032 0.00150 0.09714
0.00324 0.01023 0.41136 0.09839 0.10139 0.09585
0.00004 0.29428 0.19694 0.19622 0.09953 0.30202
0.50507 0.00933 0.09905 0.00000 0.00445 0.40326
0.00003 0.00004 0.00037 0.60506 0.00194 0.10172
0.00000 0.00000 0.00000 0.00000 0.79119 0.00000
