initial: 6
0.72550 0.00000 0.08854 0.18596 0.00000 0.00000

transition: 6
0.29605 0.02154 0.49560 0.00274 0.00000 0.18407
0.20407 0.20678 0.58830 0.00082 0.00000 0.00003
0.00477 0.50121 0.19065 0.30310 0.00001 0.00027
0.00086 0.20297 0.00017 0.59678 0.00001 0.19921
0.10781 0.00001 0.00000 0.00000 0.50209 0.39010
0.00178 0.39393 0.00001 0.00000 0.30630 0.29798

observation: 6
0.69307 0.49456 0.29924 0.09941 0.00121 0.09669
0.00325 0.00383 0.40280 0.09871 0.10202 0.09653
0.30239 0.00076 0.20040 0.19573 0.09688 0.30324
0.00126 0.50083 0.09721 0.00000 0.00318 0.40416
0.00004 0.00002 0.00035 0.60616 0.00270 0.09938
0.00000 0.00000 0.00000 0.00000 0.79402 0.00000
