initial: 6
0.71964 0.00000 0.09252 0.18783 0.00000 0.00000

transition: 6
0.30875 0.00102 0.49356 0.00019 0.00000 0.19649
0.00105 0.19997 0.79808 0.00090 0.00000 0.00000
0.00036 0.49902 0.20165 0.29896 0.00000 0.00002
0.00006 0.20186 0.00003 0.59789 0.00002 0.20015
0.10507 0.00001 0.00000 0.00000 0.49630 0.39863
0.00014 0.39348 0.00001 0.00000 0.29995 0.30643

observation: 6
0.99537 0.49828 0.29793 0.09839 0.00017 0.09836
0.00225 0.00009 0.39983 0.09989 0.10345 0.09762
0.00237 0.00197 0.20064 0.80170 0.09027 0.30878
0.00002 0.49967 0.10160 0.00003 0.00303 0.39577
0.00000 0.00000 0.00000 0.00000 0.00177 0.09947
0.00000 0.00000 0.00000 0.00000 0.80130 0.00000
