initial: 6
0.85801 0.00000 0.00098 0.14100 0.00000 0.00000

transition: 6
0.25201 0.39734 0.23389 0.06957 0.00390 0.04328
0.12027 0.60395 0.24742 0.02793 0.00003 0.00040
0.19318 0.23691 0.07799 0.44644 0.00048 0.04500
0.08802 0.05304 0.02498 0.53715 0.03172 0.26510
0.11443 0.00277 0.00005 0.00022 0.68860 0.19394
0.18067 0.43192 0.01872 0.00011 0.25447 0.11411

observation: 6
0.86567 0.29621 0.19598 0.06044 0.03380 0.08035
0.04585 0.20862 0.41473 0.04596 0.12210 0.02164
0.06724 0.08744 0.32631 0.88644 0.16535 0.19631
0.02125 0.40773 0.06298 0.00716 0.07821 0.61639
0.00000 0.00000 0.00000 0.00000 0.03766 0.08503
0.00000 0.00000 0.00000 0.00000 0.56289 0.00028
