initial: 6
0.66230 0.06010 0.13366 0.14394 0.00000 0.00000

transition: 6
0.44694 0.43498 0.08018 0.00966 0.01157 0.01667
0.19069 0.53830 0.23695 0.02301 0.00366 0.00740
0.17366 0.11757 0.13549 0.53061 0.01133 0.03135
0.20837 0.11017 0.04766 0.49646 0.03441 0.10292
0.05966 0.02394 0.00297 0.00410 0.65099 0.25834
0.33809 0.06777 0.00582 0.00065 0.25218 0.33549

observation: 6
0.46886 0.43909 0.25043 0.05032 0.02754 0.05206
0.07034 0.18956 0.36292 0.03271 0.10495 0.05529
0.19411 0.08328 0.25668 0.16426 0.17784 0.23068
0.26466 0.28667 0.02731 0.02205 0.08645 0.42378
0.00203 0.00140 0.10265 0.73065 0.03147 0.04420
0.00000 0.00000 0.00000 0.00000 0.57175 0.19398
