initial: 6
0.71908 0.00000 0.09398 0.18694 0.00000 0.00000

transition: 6
0.29593 0.00862 0.50607 0.00060 0.00000 0.18878
0.19976 0.20058 0.59957 0.00006 0.00000 0.00003
0.00335 0.49615 0.20048 0.29987 0.00001 0.00015
0.00010 0.20227 0.00017 0.59767 0.00001 0.19978
0.10741 0.00001 0.00000 0.00000 0.49967 0.39292
0.00047 0.39348 0.00001 0.00000 0.30432 0.30173

observation: 6
0.69571 0.49727 0.30260 0.09991 0.00008 0.09767
0.00109 0.00092 0.39816 0.09969 0.10230 0.09729
0.30264 0.00020 0.20016 0.19614 0.09688 0.30222
0.00052 0.50160 0.09894 0.00000 0.00075 0.40393
0.00004 0.00002 0.00013 0.60426 0.00279 0.09889
0.00000 0.00000 0.00000 0.00000 0.79720 0.00000
