initial: 6
0.71972 0.00000 0.09250 0.18779 0.00000 0.00000

transition: 6
0.30857 0.00190 0.49243 0.00053 0.00000 0.19657
0.00079 0.20132 0.79594 0.00194 0.00000 0.00000
0.00062 0.49996 0.20064 0.29876 0.00000 0.00002
0.00006 0.20195 0.00003 0.59766 0.00002 0.20029
0.10506 0.00001 0.00000 0.00000 0.49779 0.39715
0.00014 0.39441 0.00001 0.00000 0.30043 0.30502

observation: 6
0.99537 0.49798 0.29796 0.09822 0.00048 0.09835
0.00222 0.00026 0.40055 0.09983 0.10348 0.09748
0.00240 0.00243 0.20030 0.80192 0.09051 0.30905
0.00002 0.49933 0.10119 0.00003 0.00439 0.39569
0.00000 0.00000 0.00000 0.00000 0.00210 0.09944
0.00000 0.00000 0.00000 0.00000 0.79904 0.00000
