initial: 6
0.50718 0.49282 0.00000 0.00000 0.00000 0.00000

transition: 6
0.29123 0.50879 0.00696 0.19241 0.00002 0.00060
0.00092 0.50226 0.19851 0.00004 0.00001 0.29827
0.00215 0.00027 0.20294 0.78882 0.00005 0.00578
0.00016 0.00130 0.00434 0.28030 0.51398 0.19992
0.00000 0.00000 0.00000 0.00000 0.50085 0.49915
0.59862 0.00005 0.20675 0.19458 0.00000 0.00000

observation: 6
0.00009 0.29934 0.00190 0.09983 0.29883 0.09842
0.10000 0.39615 0.00002 0.10136 0.00000 0.10054
0.40430 0.20025 0.48943 0.29578 0.30240 0.00000
0.49561 0.10425 0.50670 0.40303 0.00000 0.00000
0.00000 0.00000 0.00196 0.10000 0.00000 0.80104
0.00000 0.00000 0.00000 0.00000 0.39877 0.00000
