initial: 6
0.50746 0.49254 0.00000 0.00000 0.00000 0.00000

transition: 6
0.29067 0.50720 0.00754 0.19327 0.00002 0.00130
0.00188 0.50173 0.19841 0.00004 0.00001 0.29794
0.00225 0.00039 0.20518 0.78720 0.00006 0.00492
0.00016 0.00197 0.00461 0.27594 0.51664 0.20069
0.00000 0.00000 0.00000 0.00000 0.50090 0.49910
0.60079 0.00005 0.20603 0.19314 0.00000 0.00000

observation: 6
0.00008 0.29944 0.00262 0.09999 0.29869 0.09827
0.09989 0.39617 0.00002 0.10138 0.00000 0.10047
0.40442 0.20020 0.48828 0.29556 0.30249 0.00000
0.49561 0.10420 0.50604 0.40308 0.00000 0.00000
0.00000 0.00000 0.00304 0.09999 0.00000 0.80126
0.00000 0.00000 0.00000 0.00000 0.39882 0.00000
