initial: 6
0.71966 0.00000 0.09251 0.18782 0.00000 0.00000

transition: 6
0.30869 0.00125 0.49326 0.00029 0.00000 0.19651
0.00095 0.20032 0.79755 0.00119 0.00000 0.00000
0.00046 0.49920 0.20144 0.29889 0.00000 0.00002
0.00006 0.20188 0.00003 0.59784 0.00002 0.20018
0.10507 0.00001 0.00000 0.00000 0.49674 0.39819
0.00014 0.39374 0.00001 0.00000 0.30008 0.30603

observation: 6
0.99537 0.49821 0.29796 0.09834 0.00027 0.09835
0.00224 0.00010 0.40002 0.09988 0.10345 0.09760
0.00238 0.00207 0.20054 0.80175 0.09035 0.30886
0.00002 0.49961 0.10149 0.00003 0.00344 0.39573
0.00000 0.00000 0.00000 0.00000 0.00187 0.09946
0.00000 0.00000 0.00000 0.00000 0.80062 0.00000
