initial: 6
0.71957 0.00000 0.09356 0.18687 0.00000 0.00000

transition: 6
0.29592 0.00959 0.50530 0.00076 0.00000 0.18843
0.20012 0.20086 0.59893 0.00006 0.00000 0.00003
0.00347 0.49639 0.19989 0.30009 0.00001 0.00015
0.00017 0.20229 0.00017 0.59761 0.00001 0.19976
0.10745 0.00001 0.00000 0.00000 0.49988 0.39266
0.00056 0.39351 0.00001 0.00000 0.30445 0.30147

observation: 6
0.69552 0.49706 0.30241 0.09989 0.00016 0.09760
0.00125 0.00111 0.39844 0.09961 0.10227 0.09725
0.30262 0.00024 0.20014 0.19609 0.09690 0.30227
0.00058 0.50157 0.09889 0.00000 0.00098 0.40392
0.00004 0.00002 0.00013 0.60441 0.00278 0.09895
0.00000 0.00000 0.00000 0.00000 0.79692 0.00000
