initial: 6
0.71969 0.00000 0.09251 0.18780 0.00000 0.00000

transition: 6
0.30862 0.00160 0.49283 0.00041 0.00000 0.19655
0.00085 0.20084 0.79670 0.00160 0.00000 0.00000
0.00056 0.49960 0.20101 0.29882 0.00000 0.00002
0.00006 0.20192 0.00003 0.59774 0.00002 0.20024
0.10506 0.00001 0.00000 0.00000 0.49731 0.39763
0.00014 0.39410 0.00001 0.00000 0.30027 0.30549

observation: 6
0.99537 0.49807 0.29797 0.09827 0.00037 0.09837
0.00222 0.00020 0.40029 0.09985 0.10346 0.09753
0.00239 0.00227 0.20040 0.80185 0.09044 0.30896
0.00002 0.49946 0.10133 0.00003 0.00398 0.39569
0.00000 0.00000 0.00000 0.00000 0.00198 0.09945
0.00000 0.00000 0.00000 0.00000 0.79977 0.00000
