initial: 6
0.71981 0.00000 0.09249 0.18771 0.00000 0.00000

transition: 6
0.30839 0.00292 0.49122 0.00084 0.00000 0.19662
0.00067 0.20306 0.79327 0.00300 0.00000 0.00000
0.00082 0.50121 0.19928 0.29868 0.00000 0.00002
0.00017 0.20203 0.00003 0.59737 0.00002 0.20039
0.10505 0.00001 0.00000 0.00000 0.49907 0.39588
0.00020 0.39519 0.00001 0.00000 0.30087 0.30373

observation: 6
0.99540 0.49761 0.29782 0.09795 0.00078 0.09827
0.00218 0.00055 0.40140 0.09976 0.10352 0.09730
0.00240 0.00290 0.20012 0.80226 0.09065 0.30933
0.00002 0.49894 0.10066 0.00003 0.00554 0.39567
0.00000 0.00000 0.00000 0.00000 0.00238 0.09943
0.00000 0.00000 0.00000 0.00000 0.79714 0.00000
