initial: 6
0.72175 0.00000 0.09132 0.18693 0.00000 0.00000

transition: 6
0.30813 0.01000 0.48314 0.00215 0.00000 0.19658
0.00059 0.21782 0.77298 0.00862 0.00000 0.00000
0.00165 0.51011 0.18868 0.29954 0.00000 0.00002
0.00100 0.20281 0.00003 0.59554 0.00002 0.20061
0.10513 0.00001 0.00000 0.00000 0.50453 0.39033
0.00058 0.39860 0.00001 0.00000 0.30310 0.29772

observation: 6
0.99436 0.49570 0.29538 0.09623 0.00226 0.09753
0.00232 0.00274 0.40771 0.09936 0.10374 0.09625
0.00285 0.00523 0.20097 0.80438 0.09094 0.31084
0.00047 0.49632 0.09594 0.00003 0.01033 0.39583
0.00000 0.00000 0.00000 0.00000 0.00350 0.09955
0.00000 0.00000 0.00000 0.00000 0.78923 0.00000
