initial: 6
0.50743 0.49257 0.00000 0.00000 0.00000 0.00000

transition: 6
0.29082 0.50788 0.00746 0.19270 0.00002 0.00113
0.00163 0.50186 0.19841 0.00004 0.00001 0.29805
0.00217 0.00035 0.20447 0.78780 0.00006 0.00514
0.00016 0.00180 0.00451 0.27727 0.51584 0.20042
0.00000 0.00000 0.00000 0.00000 0.50089 0.49911
0.59989 0.00005 0.20651 0.19356 0.00000 0.00000

observation: 6
0.00008 0.29942 0.00240 0.09994 0.29873 0.09831
0.09996 0.39615 0.00002 0.10139 0.00000 0.10049
0.40436 0.20022 0.48861 0.29561 0.30247 0.00000
0.49560 0.10421 0.50625 0.40306 0.00000 0.00000
0.00000 0.00000 0.00272 0.10000 0.00000 0.80120
0.00000 0.00000 0.00000 0.00000 0.39880 0.00000
