initial: 6
0.71913 0.00000 0.09394 0.18693 0.00000 0.00000

transition: 6
0.29593 0.00872 0.50598 0.00062 0.00000 0.18874
0.19980 0.20061 0.59951 0.00006 0.00000 0.00003
0.00336 0.49617 0.20043 0.29989 0.00001 0.00015
0.00010 0.20227 0.00017 0.59766 0.00001 0.19978
0.10741 0.00001 0.00000 0.00000 0.49970 0.39289
0.00048 0.39348 0.00001 0.00000 0.30433 0.30170

observation: 6
0.69569 0.49725 0.30258 0.09991 0.00009 0.09766
0.00111 0.00094 0.39819 0.09968 0.10229 0.09729
0.30264 0.00020 0.20016 0.19613 0.09688 0.30223
0.00053 0.50160 0.09894 0.00000 0.00077 0.40392
0.00004 0.00002 0.00013 0.60428 0.00279 0.09889
0.00000 0.00000 0.00000 0.00000 0.79717 0.00000
