initial: 6
0.71972 0.00000 0.09342 0.18685 0.00000 0.00000

transition: 6
0.29591 0.00990 0.50506 0.00080 0.00000 0.18833
0.20023 0.20096 0.59873 0.00006 0.00000 0.00003
0.00351 0.49647 0.19970 0.30016 0.00001 0.00015
0.00019 0.20229 0.00017 0.59759 0.00001 0.19975
0.10746 0.00001 0.00000 0.00000 0.49995 0.39258
0.00060 0.39352 0.00001 0.00000 0.30449 0.30138

observation: 6
0.69546 0.49699 0.30234 0.09989 0.00018 0.09759
0.00129 0.00117 0.39853 0.09959 0.10226 0.09724
0.30261 0.00026 0.20013 0.19607 0.09690 0.30229
0.00060 0.50156 0.09887 0.00000 0.00105 0.40392
0.00004 0.00002 0.00013 0.60446 0.00278 0.09896
0.00000 0.00000 0.00000 0.00000 0.79683 0.00000
