initial: 6
0.00001 0.10493 0.09590 0.21036 0.00000 0.58880

transition: 6
0.20236 0.20677 0.59080 0.00005 0.00001 0.00001
0.01924 0.28721 0.50701 0.00117 0.00000 0.18537
0.49546 0.00689 0.19474 0.30289 0.00001 0.00001
0.20074 0.00052 0.00103 0.59875 0.00001 0.19895
0.00001 0.10270 0.00000 0.00000 0.50192 0.39538
0.39732 0.00009 0.00000 0.00000 0.30348 0.29912

observation: 6
0.49408 0.69684 0.30121 0.10019 0.00009 0.09878
0.00205 0.00287 0.40096 0.09939 0.10246 0.09589
0.00004 0.29828 0.19954 0.19633 0.09796 0.30159
0.50380 0.00198 0.09812 0.00000 0.00278 0.40266
0.00003 0.00004 0.00016 0.60409 0.00194 0.10109
0.00000 0.00000 0.00000 0.00000 0.79478 0.00000
