initial: 6
0.77576 0.00000 0.05428 0.16995 0.00000 0.00000

transition: 6
0.30269 0.17384 0.37524 0.01027 0.00019 0.13778
0.22709 0.36406 0.37883 0.02989 0.00000 0.00012
0.02482 0.59590 0.00939 0.35641 0.00109 0.01239
0.02296 0.18622 0.01897 0.56710 0.00065 0.20411
0.10589 0.00037 0.00000 0.00000 0.54436 0.34938
0.05241 0.38108 0.00006 0.00000 0.32615 0.24031

observation: 6
0.67788 0.44330 0.24039 0.08120 0.01205 0.09233
0.02002 0.06408 0.49008 0.07895 0.10881 0.07322
0.28999 0.01085 0.23605 0.18768 0.11543 0.29785
0.01091 0.48112 0.01482 0.00000 0.01941 0.43510
0.00119 0.00064 0.01865 0.65216 0.00837 0.10148
0.00000 0.00000 0.00000 0.00000 0.73592 0.00003
