initial: 6
0.73065 0.00000 0.08500 0.18435 0.00000 0.00000

transition: 6
0.30844 0.03334 0.45787 0.00484 0.00000 0.19551
0.00110 0.26952 0.70830 0.02108 0.00000 0.00000
0.00403 0.53530 0.15585 0.30481 0.00000 0.00002
0.00381 0.20442 0.00003 0.59032 0.00002 0.20141
0.10575 0.00001 0.00000 0.00000 0.51674 0.37751
0.00198 0.40568 0.00001 0.00000 0.30871 0.28362

observation: 6
0.98841 0.49042 0.28452 0.09106 0.00543 0.09562
0.00387 0.00984 0.42856 0.09825 0.10438 0.09339
0.00467 0.01060 0.20935 0.81065 0.09211 0.31418
0.00306 0.48914 0.07758 0.00004 0.02034 0.39682
0.00000 0.00000 0.00000 0.00000 0.00596 0.09999
0.00000 0.00000 0.00000 0.00000 0.77177 0.00000
