initial: 6
0.49064 0.50936 0.00000 0.00000 0.00000 0.00000

transition: 6
0.23872 0.40527 0.03311 0.31407 0.00548 0.00333
0.02278 0.49086 0.21247 0.00422 0.00623 0.26344
0.04929 0.01592 0.16509 0.75369 0.01018 0.00583
0.00299 0.02413 0.02033 0.24792 0.51928 0.18535
0.00000 0.00010 0.00000 0.00000 0.50284 0.49706
0.81926 0.00075 0.01152 0.16788 0.00058 0.00000

observation: 6
0.00070 0.29852 0.02320 0.09264 0.30086 0.09443
0.07651 0.40490 0.01009 0.09375 0.00010 0.09638
0.42302 0.19538 0.43346 0.29730 0.30219 0.00000
0.49977 0.10115 0.43727 0.41509 0.00000 0.00000
0.00000 0.00005 0.09599 0.10121 0.00033 0.80919
0.00000 0.00000 0.00000 0.00000 0.39652 0.00000
