initial: 6
0.72914 0.00000 0.08610 0.18476 0.00000 0.00000

transition: 6
0.30846 0.02962 0.46174 0.00441 0.00000 0.19577
0.00100 0.26173 0.71783 0.01945 0.00000 0.00000
0.00361 0.53174 0.16065 0.30399 0.00000 0.00002
0.00333 0.20431 0.00003 0.59110 0.00002 0.20121
0.10563 0.00001 0.00000 0.00000 0.51485 0.37951
0.00172 0.40462 0.00001 0.00000 0.30786 0.28579

observation: 6
0.98946 0.49131 0.28625 0.09186 0.00498 0.09589
0.00356 0.00871 0.42539 0.09845 0.10427 0.09384
0.00435 0.00982 0.20785 0.80966 0.09180 0.31374
0.00263 0.49016 0.08051 0.00003 0.01889 0.39659
0.00000 0.00000 0.00000 0.00000 0.00558 0.09994
0.00000 0.00000 0.00000 0.00000 0.77448 0.00000
