initial: 6
0.71902 0.00000 0.09403 0.18694 0.00000 0.00000

transition: 6
0.29593 0.00852 0.50615 0.00058 0.00000 0.18881
0.19972 0.20056 0.59964 0.00006 0.00000 0.00003
0.00334 0.49613 0.20054 0.29985 0.00001 0.00015
0.00010 0.20227 0.00017 0.59767 0.00001 0.19979
0.10740 0.00001 0.00000 0.00000 0.49965 0.39294
0.00046 0.39347 0.00001 0.00000 0.30430 0.30175

observation: 6
0.69573 0.49728 0.30262 0.09991 0.00007 0.09768
0.00107 0.00090 0.39814 0.09969 0.10230 0.09730
0.30264 0.00020 0.20017 0.19614 0.09687 0.30221
0.00052 0.50160 0.09895 0.00000 0.00073 0.40393
0.00004 0.00002 0.00013 0.60425 0.00279 0.09889
0.00000 0.00000 0.00000 0.00000 0.79723 0.00000
