initial: 6
0.00001 0.10361 0.09682 0.21046 0.00000 0.58910

transition: 6
0.20228 0.20342 0.59423 0.00005 0.00001 0.00001
0.01140 0.28725 0.51295 0.00022 0.00000 0.18817
0.49542 0.00618 0.19665 0.30173 0.00001 0.00001
0.20079 0.00021 0.00096 0.59886 0.00001 0.19917
0.00001 0.10209 0.00000 0.00000 0.50129 0.39661
0.39702 0.00009 0.00000 0.00000 0.30287 0.30002

observation: 6
0.49462 0.69906 0.30253 0.10020 0.00003 0.09900
0.00174 0.00158 0.39925 0.09967 0.10270 0.09585
0.00004 0.29862 0.19998 0.19639 0.09758 0.30159
0.50357 0.00070 0.09809 0.00000 0.00210 0.40266
0.00003 0.00004 0.00015 0.60374 0.00193 0.10089
0.00000 0.00000 0.00000 0.00000 0.79567 0.00000
