initial: 6
0.00001 0.10349 0.09690 0.21047 0.00000 0.58912

transition: 6
0.20226 0.20312 0.59454 0.00005 0.00001 0.00001
0.01064 0.28727 0.51349 0.00018 0.00000 0.18842
0.49543 0.00610 0.19684 0.30161 0.00001 0.00001
0.20080 0.00017 0.00096 0.59887 0.00001 0.19919
0.00001 0.10203 0.00000 0.00000 0.50122 0.39674
0.39699 0.00009 0.00000 0.00000 0.30282 0.30011

observation: 6
0.49469 0.69927 0.30264 0.10020 0.00003 0.09902
0.00170 0.00146 0.39910 0.09969 0.10273 0.09585
0.00004 0.29865 0.20002 0.19640 0.09754 0.30160
0.50354 0.00059 0.09809 0.00000 0.00202 0.40267
0.00003 0.00004 0.00015 0.60370 0.00193 0.10087
0.00000 0.00000 0.00000 0.00000 0.79576 0.00000
