initial: 6
0.00001 0.10352 0.09688 0.21047 0.00000 0.58912

transition: 6
0.20227 0.20320 0.59447 0.00005 0.00001 0.00001
0.01082 0.28726 0.51336 0.00019 0.00000 0.18836
0.49543 0.00612 0.19679 0.30164 0.00001 0.00001
0.20080 0.00018 0.00096 0.59887 0.00001 0.19919
0.00001 0.10205 0.00000 0.00000 0.50124 0.39671
0.39700 0.00009 0.00000 0.00000 0.30283 0.30009

observation: 6
0.49467 0.69922 0.30262 0.10020 0.00003 0.09901
0.00171 0.00149 0.39914 0.09969 0.10272 0.09585
0.00004 0.29864 0.20001 0.19640 0.09755 0.30160
0.50355 0.00061 0.09809 0.00000 0.00204 0.40267
0.00003 0.00004 0.00015 0.60371 0.00193 0.10088
0.00000 0.00000 0.00000 0.00000 0.79574 0.00000
