initial: 6
0.50319 0.49681 0.00000 0.00000 0.00000 0.00000

transition: 6
0.22232 0.42010 0.04052 0.30225 0.00966 0.00516
0.03150 0.46944 0.22191 0.01032 0.01893 0.24789
0.08154 0.02608 0.14567 0.71499 0.02436 0.00735
0.00558 0.03677 0.02666 0.26709 0.50372 0.16018
0.00000 0.00054 0.00002 0.00000 0.50565 0.49380
0.82970 0.00106 0.00953 0.15734 0.00237 0.00000

observation: 6
0.00157 0.30239 0.04134 0.07095 0.30620 0.09349
0.07685 0.40850 0.02963 0.08336 0.00036 0.09518
0.42440 0.18966 0.39920 0.30427 0.30229 0.00000
0.49717 0.09910 0.37639 0.44012 0.00002 0.00000
0.00000 0.00036 0.15344 0.10131 0.00123 0.81132
0.00000 0.00000 0.00000 0.00000 0.38991 0.00000
