initial: 6
0.00002 0.15316 0.05922 0.20903 0.00000 0.57857

transition: 6
0.17091 0.42427 0.40454 0.00014 0.00002 0.00011
0.14499 0.38521 0.29236 0.08795 0.00000 0.08948
0.53222 0.02297 0.10846 0.33632 0.00002 0.00002
0.19769 0.01091 0.00378 0.59512 0.00002 0.19248
0.00036 0.11094 0.00000 0.00000 0.51879 0.36992
0.40156 0.00355 0.00000 0.00000 0.32230 0.27260

observation: 6
0.47280 0.61725 0.19955 0.10060 0.00926 0.09483
0.00744 0.06533 0.51115 0.09491 0.09817 0.09073
0.00030 0.23504 0.18587 0.19473 0.10718 0.31091
0.51942 0.08234 0.10073 0.00000 0.01278 0.39964
0.00004 0.00004 0.00271 0.60976 0.00277 0.10389
0.00000 0.00000 0.00000 0.00000 0.76984 0.00000
