initial: 6
0.00020 0.16000 0.05578 0.20798 0.00000 0.57603

transition: 6
0.16058 0.47563 0.36293 0.00024 0.00013 0.00049
0.14278 0.41796 0.27029 0.09112 0.00000 0.07784
0.54451 0.02819 0.07806 0.34894 0.00016 0.00015
0.19543 0.01498 0.00622 0.59227 0.00012 0.19098
0.00130 0.11120 0.00000 0.00000 0.52419 0.36332
0.40118 0.00650 0.00000 0.00000 0.32826 0.26406

observation: 6
0.46413 0.59630 0.18156 0.09921 0.01107 0.09532
0.00858 0.08342 0.53075 0.09343 0.09808 0.08748
0.00090 0.21665 0.19236 0.19311 0.10875 0.31528
0.52631 0.10356 0.09021 0.00000 0.01657 0.39755
0.00009 0.00007 0.00511 0.61425 0.00353 0.10438
0.00000 0.00000 0.00000 0.00000 0.76200 0.00000
