initial: 6
0.77086 0.00000 0.05357 0.17558 0.00000 0.00000

transition: 6
0.30080 0.14188 0.39864 0.01059 0.00003 0.14806
0.22402 0.33951 0.41041 0.02599 0.00000 0.00007
0.01989 0.59526 0.02131 0.35659 0.00055 0.00640
0.01498 0.20001 0.00690 0.57895 0.00029 0.19887
0.10689 0.00013 0.00000 0.00000 0.53241 0.36056
0.03203 0.39160 0.00001 0.00000 0.32329 0.25306

observation: 6
0.67191 0.45703 0.25186 0.08663 0.00937 0.09378
0.02087 0.05472 0.47392 0.08894 0.10788 0.07686
0.29737 0.00756 0.22735 0.19195 0.10707 0.30433
0.00921 0.48041 0.03580 0.00000 0.01693 0.42370
0.00065 0.00027 0.01107 0.63248 0.00630 0.10133
0.00000 0.00000 0.00000 0.00000 0.75245 0.00000
