initial: 6
0.72603 0.00000 0.08809 0.18588 0.00000 0.00000

transition: 6
0.29609 0.02258 0.49473 0.00292 0.00000 0.18368
0.20442 0.20744 0.58721 0.00091 0.00000 0.00003
0.00487 0.50175 0.18969 0.30340 0.00001 0.00028
0.00092 0.20306 0.00017 0.59670 0.00001 0.19915
0.10783 0.00001 0.00000 0.00000 0.50225 0.38991
0.00188 0.39396 0.00001 0.00000 0.30646 0.29769

observation: 6
0.69284 0.49433 0.29892 0.09936 0.00130 0.09661
0.00344 0.00410 0.40324 0.09863 0.10201 0.09645
0.30237 0.00080 0.20045 0.19570 0.09686 0.30333
0.00132 0.50074 0.09702 0.00000 0.00334 0.40419
0.00004 0.00002 0.00037 0.60631 0.00269 0.09941
0.00000 0.00000 0.00000 0.00000 0.79381 0.00000
