initial: 6
0.50729 0.49271 0.00000 0.00000 0.00000 0.00000

transition: 6
0.29107 0.50855 0.00719 0.19236 0.00002 0.00080
0.00120 0.50211 0.19845 0.00004 0.00001 0.29820
0.00212 0.00027 0.20345 0.78859 0.00005 0.00553
0.00016 0.00150 0.00438 0.27926 0.51462 0.20008
0.00000 0.00000 0.00000 0.00000 0.50087 0.49913
0.59898 0.00005 0.20675 0.19422 0.00000 0.00000

observation: 6
0.00008 0.29937 0.00207 0.09987 0.29880 0.09838
0.09999 0.39615 0.00002 0.10138 0.00000 0.10053
0.40432 0.20024 0.48914 0.29572 0.30242 0.00000
0.49561 0.10424 0.50655 0.40304 0.00000 0.00000
0.00000 0.00000 0.00222 0.10000 0.00000 0.80109
0.00000 0.00000 0.00000 0.00000 0.39878 0.00000
