initial: 6
0.00001 0.10527 0.09568 0.21034 0.00000 0.58871

transition: 6
0.20238 0.20763 0.58993 0.00005 0.00001 0.00001
0.02106 0.28727 0.50555 0.00147 0.00000 0.18465
0.49550 0.00706 0.19425 0.30317 0.00001 0.00001
0.20073 0.00059 0.00106 0.59872 0.00001 0.19888
0.00001 0.10284 0.00000 0.00000 0.50206 0.39509
0.39738 0.00009 0.00000 0.00000 0.30363 0.29890

observation: 6
0.49395 0.69630 0.30087 0.10019 0.00013 0.09870
0.00212 0.00320 0.40139 0.09932 0.10240 0.09589
0.00004 0.29816 0.19944 0.19631 0.09805 0.30160
0.50386 0.00231 0.09814 0.00000 0.00290 0.40268
0.00003 0.00004 0.00016 0.60417 0.00194 0.10114
0.00000 0.00000 0.00000 0.00000 0.79458 0.00000
