initial: 6
0.00001 0.10375 0.09672 0.21045 0.00000 0.58907

transition: 6
0.20229 0.20377 0.59388 0.00005 0.00001 0.00001
0.01228 0.28722 0.51232 0.00030 0.00000 0.18789
0.49542 0.00626 0.19644 0.30186 0.00001 0.00001
0.20079 0.00025 0.00096 0.59885 0.00001 0.19915
0.00001 0.10216 0.00000 0.00000 0.50135 0.39648
0.39706 0.00009 0.00000 0.00000 0.30293 0.29993

observation: 6
0.49456 0.69882 0.30240 0.10020 0.00003 0.09898
0.00178 0.00171 0.39943 0.09964 0.10268 0.09585
0.00004 0.29860 0.19993 0.19638 0.09762 0.30159
0.50359 0.00082 0.09809 0.00000 0.00218 0.40266
0.00003 0.00004 0.00015 0.60378 0.00193 0.10092
0.00000 0.00000 0.00000 0.00000 0.79558 0.00000
