initial: 6
0.71871 0.00000 0.09430 0.18699 0.00000 0.00000

transition: 6
0.29596 0.00777 0.50672 0.00048 0.00000 0.18907
0.19944 0.20037 0.60010 0.00006 0.00000 0.00003
0.00325 0.49595 0.20098 0.29967 0.00001 0.00015
0.00010 0.20223 0.00017 0.59770 0.00001 0.19980
0.10737 0.00001 0.00000 0.00000 0.49952 0.39310
0.00037 0.39348 0.00001 0.00000 0.30423 0.30192

observation: 6
0.69588 0.49742 0.30278 0.09992 0.00007 0.09769
0.00097 0.00074 0.39795 0.09976 0.10232 0.09733
0.30262 0.00020 0.20018 0.19615 0.09687 0.30217
0.00050 0.50163 0.09897 0.00000 0.00055 0.40396
0.00004 0.00002 0.00013 0.60417 0.00279 0.09886
0.00000 0.00000 0.00000 0.00000 0.79740 0.00000
