initial: 6
0.50555 0.49445 0.00000 0.00000 0.00000 0.00000

transition: 6
0.28836 0.49093 0.00794 0.21068 0.00002 0.00207
0.00347 0.50184 0.19840 0.00005 0.00001 0.29623
0.00318 0.00063 0.21006 0.78224 0.00013 0.00377
0.00022 0.00324 0.00543 0.26477 0.52316 0.20318
0.00000 0.00000 0.00000 0.00000 0.50099 0.49901
0.62353 0.00007 0.18643 0.18997 0.00000 0.00000

observation: 6
0.00008 0.29925 0.00451 0.10034 0.29846 0.09796
0.09717 0.39667 0.00002 0.10092 0.00000 0.10019
0.40635 0.19979 0.48628 0.29535 0.30269 0.00000
0.49641 0.10428 0.50298 0.40346 0.00000 0.00000
0.00000 0.00000 0.00622 0.09994 0.00000 0.80186
0.00000 0.00000 0.00000 0.00000 0.39884 0.00000
