initial: 6
0.76296 0.00000 0.05954 0.17750 0.00000 0.00000

transition: 6
0.28887 0.11205 0.41350 0.01945 0.00000 0.16612
0.00889 0.36759 0.58703 0.03649 0.00000 0.00000
0.02548 0.57943 0.07282 0.32211 0.00000 0.00017
0.02042 0.19292 0.00025 0.57747 0.00019 0.20876
0.10789 0.00001 0.00000 0.00000 0.55942 0.33268
0.01548 0.42548 0.00014 0.00000 0.32251 0.23639

observation: 6
0.96334 0.45931 0.26142 0.07711 0.01396 0.09119
0.01335 0.03503 0.46989 0.09481 0.10771 0.08210
0.01330 0.02493 0.23486 0.82767 0.10310 0.32166
0.01001 0.48073 0.03383 0.00041 0.04747 0.40597
0.00000 0.00000 0.00000 0.00000 0.01475 0.09908
0.00000 0.00000 0.00000 0.00000 0.71301 0.00000
