initial: 6
0.77357 0.00000 0.05306 0.17337 0.00000 0.00000

transition: 6
0.30115 0.15679 0.38747 0.01052 0.00008 0.14398
0.22475 0.35257 0.39394 0.02864 0.00000 0.00009
0.02224 0.59723 0.01427 0.35676 0.00077 0.00874
0.01853 0.19431 0.01125 0.57441 0.00043 0.20108
0.10647 0.00022 0.00000 0.00000 0.53781 0.35550
0.04051 0.38783 0.00003 0.00000 0.32461 0.24702

observation: 6
0.67395 0.45109 0.24683 0.08405 0.01055 0.09332
0.02058 0.05881 0.48247 0.08558 0.10850 0.07495
0.29443 0.00889 0.23184 0.19034 0.11067 0.30168
0.01017 0.48080 0.02435 0.00000 0.01816 0.42859
0.00088 0.00042 0.01451 0.64004 0.00719 0.10144
0.00000 0.00000 0.00000 0.00000 0.74494 0.00001
