initial: 6
0.00001 0.10945 0.09269 0.21018 0.00000 0.58767

transition: 6
0.20238 0.21893 0.57862 0.00005 0.00001 0.00001
0.04101 0.28934 0.48715 0.00702 0.00000 0.17547
0.49665 0.00880 0.18833 0.30620 0.00001 0.00001
0.20072 0.00134 0.00123 0.59852 0.00001 0.19818
0.00001 0.10425 0.00000 0.00000 0.50356 0.39218
0.39798 0.00020 0.00000 0.00000 0.30536 0.29646

observation: 6
0.49249 0.69006 0.29603 0.10024 0.00090 0.09774
0.00286 0.00734 0.40712 0.09870 0.10177 0.09589
0.00004 0.29610 0.19801 0.19624 0.09897 0.30181
0.50458 0.00646 0.09854 0.00000 0.00396 0.40304
0.00003 0.00004 0.00030 0.60482 0.00194 0.10152
0.00000 0.00000 0.00000 0.00000 0.79246 0.00000
