initial: 6
0.50711 0.49289 0.00000 0.00000 0.00000 0.00000

transition: 6
0.29141 0.50897 0.00668 0.19251 0.00002 0.00042
0.00064 0.50242 0.19856 0.00004 0.00001 0.29833
0.00229 0.00027 0.20256 0.78880 0.00005 0.00603
0.00016 0.00110 0.00434 0.28089 0.51368 0.19983
0.00000 0.00000 0.00000 0.00000 0.50086 0.49914
0.59848 0.00005 0.20669 0.19479 0.00000 0.00000

observation: 6
0.00019 0.29930 0.00165 0.09977 0.29887 0.09845
0.09999 0.39612 0.00002 0.10135 0.00000 0.10054
0.40426 0.20027 0.48968 0.29583 0.30238 0.00000
0.49557 0.10431 0.50689 0.40305 0.00000 0.00000
0.00000 0.00000 0.00177 0.10000 0.00000 0.80101
0.00000 0.00000 0.00000 0.00000 0.39875 0.00000
