initial: 6
0.00001 0.10347 0.09692 0.21047 0.00000 0.58913

transition: 6
0.20226 0.20306 0.59462 0.00005 0.00001 0.00001
0.01047 0.28728 0.51361 0.00017 0.00000 0.18848
0.49543 0.00609 0.19689 0.30158 0.00001 0.00001
0.20080 0.00016 0.00096 0.59887 0.00001 0.19920
0.00001 0.10202 0.00000 0.00000 0.50120 0.39677
0.39698 0.00009 0.00000 0.00000 0.30280 0.30013

observation: 6
0.49470 0.69931 0.30267 0.10020 0.00003 0.09902
0.00169 0.00143 0.39907 0.09970 0.10273 0.09585
0.00004 0.29865 0.20002 0.19640 0.09753 0.30160
0.50354 0.00057 0.09809 0.00000 0.00200 0.40267
0.00003 0.00004 0.00015 0.60369 0.00193 0.10087
0.00000 0.00000 0.00000 0.00000 0.79579 0.00000
