initial: 6
0.50721 0.49279 0.00000 0.00000 0.00000 0.00000

transition: 6
0.29121 0.50874 0.00700 0.19239 0.00002 0.00064
0.00096 0.50223 0.19849 0.00004 0.00001 0.29827
0.00213 0.00027 0.20303 0.78879 0.00005 0.00574
0.00016 0.00134 0.00434 0.28015 0.51407 0.19994
0.00000 0.00000 0.00000 0.00000 0.50085 0.49915
0.59868 0.00005 0.20675 0.19452 0.00000 0.00000

observation: 6
0.00008 0.29935 0.00192 0.09984 0.29883 0.09841
0.10000 0.39616 0.00002 0.10137 0.00000 0.10054
0.40431 0.20024 0.48939 0.29577 0.30240 0.00000
0.49561 0.10425 0.50668 0.40304 0.00000 0.00000
0.00000 0.00000 0.00200 0.10000 0.00000 0.80104
0.00000 0.00000 0.00000 0.00000 0.39877 0.00000
