initial: 6
0.71964 0.00000 0.09253 0.18783 0.00000 0.00000

transition: 6
0.30876 0.00096 0.49363 0.00016 0.00000 0.19648
0.00108 0.19991 0.79818 0.00084 0.00000 0.00000
0.00033 0.49899 0.20168 0.29898 0.00000 0.00002
0.00006 0.20186 0.00003 0.59790 0.00002 0.20013
0.10507 0.00001 0.00000 0.00000 0.49617 0.39875
0.00014 0.39341 0.00001 0.00000 0.29991 0.30654

observation: 6
0.99537 0.49830 0.29792 0.09840 0.00014 0.09836
0.00225 0.00009 0.39980 0.09989 0.10345 0.09762
0.00237 0.00194 0.20067 0.80168 0.09025 0.30876
0.00002 0.49967 0.10162 0.00003 0.00292 0.39579
0.00000 0.00000 0.00000 0.00000 0.00174 0.09948
0.00000 0.00000 0.00000 0.00000 0.80150 0.00000
