initial: 6
0.72168 0.00000 0.09177 0.18655 0.00000 0.00000

transition: 6
0.29586 0.01395 0.50181 0.00146 0.00000 0.18691
0.20157 0.20267 0.59549 0.00025 0.00000 0.00003
0.00398 0.49787 0.19689 0.30110 0.00001 0.00015
0.00042 0.20249 0.00017 0.59732 0.00001 0.19960
0.10760 0.00001 0.00000 0.00000 0.50076 0.39164
0.00102 0.39366 0.00001 0.00000 0.30512 0.30019

observation: 6
0.69467 0.49616 0.30136 0.09974 0.00051 0.09730
0.00193 0.00202 0.39987 0.09928 0.10215 0.09704
0.30255 0.00044 0.20016 0.19593 0.09693 0.30258
0.00081 0.50136 0.09842 0.00000 0.00188 0.40398
0.00004 0.00002 0.00019 0.60504 0.00277 0.09911
0.00000 0.00000 0.00000 0.00000 0.79576 0.00000
