initial: 6
0.72016 0.00000 0.09305 0.18679 0.00000 0.00000

transition: 6
0.29589 0.01080 0.50434 0.00095 0.00000 0.18802
0.20053 0.20130 0.59804 0.00010 0.00000 0.00003
0.00361 0.49677 0.19909 0.30037 0.00001 0.00015
0.00024 0.20234 0.00017 0.59753 0.00001 0.19972
0.10749 0.00001 0.00000 0.00000 0.50013 0.39237
0.00070 0.39355 0.00001 0.00000 0.30462 0.30112

observation: 6
0.69529 0.49680 0.30214 0.09986 0.00024 0.09753
0.00144 0.00136 0.39882 0.09952 0.10223 0.09720
0.30259 0.00031 0.20013 0.19604 0.09691 0.30234
0.00065 0.50151 0.09879 0.00000 0.00125 0.40393
0.00004 0.00002 0.00013 0.60459 0.00277 0.09900
0.00000 0.00000 0.00000 0.00000 0.79659 0.00000
