initial: 6
0.00001 0.13817 0.06986 0.20953 0.00000 0.58243

transition: 6
0.18989 0.33288 0.47716 0.00005 0.00001 0.00001
0.12906 0.33403 0.35456 0.06647 0.00000 0.11587
0.51490 0.01764 0.14463 0.32282 0.00001 0.00001
0.20008 0.00589 0.00220 0.59738 0.00001 0.19445
0.00003 0.10912 0.00000 0.00000 0.51192 0.37892
0.40061 0.00129 0.00000 0.00000 0.31490 0.28319

observation: 6
0.48314 0.64915 0.24096 0.10110 0.00636 0.09452
0.00558 0.03986 0.46625 0.09647 0.09896 0.09410
0.00007 0.26530 0.18647 0.19598 0.10417 0.30587
0.51118 0.04565 0.10514 0.00000 0.00839 0.40251
0.00003 0.00004 0.00118 0.60645 0.00212 0.10300
0.00000 0.00000 0.00000 0.00000 0.77999 0.00000
