initial: 6
0.18449 0.03799 0.12037 0.17954 0.00000 0.47762

transition: 6
0.36663 0.51049 0.09161 0.00252 0.01372 0.01502
0.17515 0.51769 0.26932 0.02725 0.00071 0.00988
0.32514 0.07797 0.05985 0.48767 0.00848 0.04090
0.22693 0.06176 0.06566 0.48370 0.01055 0.15139
0.09404 0.05841 0.00110 0.00249 0.58656 0.25738
0.31030 0.06248 0.00177 0.00011 0.39806 0.22728

observation: 6
0.34753 0.54287 0.17766 0.06832 0.01752 0.09913
0.08067 0.15571 0.41932 0.02417 0.09487 0.07163
0.12454 0.11147 0.27806 0.14328 0.11877 0.36168
0.44590 0.18924 0.01412 0.00684 0.05968 0.37990
0.00135 0.00070 0.11083 0.75739 0.02791 0.07332
0.00000 0.00000 0.00000 0.00000 0.68126 0.01434
