initial: 6
0.50712 0.49288 0.00000 0.00000 0.00000 0.00000

transition: 6
0.29140 0.50896 0.00670 0.19250 0.00002 0.00043
0.00066 0.50241 0.19856 0.00004 0.00001 0.29833
0.00228 0.00027 0.20258 0.78881 0.00005 0.00602
0.00016 0.00111 0.00434 0.28085 0.51371 0.19984
0.00000 0.00000 0.00000 0.00000 0.50086 0.49914
0.59849 0.00005 0.20669 0.19477 0.00000 0.00000

observation: 6
0.00018 0.29930 0.00166 0.09977 0.29886 0.09844
0.09999 0.39612 0.00002 0.10135 0.00000 0.10054
0.40426 0.20027 0.48967 0.29582 0.30238 0.00000
0.49557 0.10430 0.50688 0.40305 0.00000 0.00000
0.00000 0.00000 0.00178 0.10001 0.00000 0.80101
0.00000 0.00000 0.00000 0.00000 0.39875 0.00000
