initial: 6
0.50745 0.49255 0.00000 0.00000 0.00000 0.00000

transition: 6
0.29075 0.50760 0.00750 0.19293 0.00002 0.00121
0.00175 0.50180 0.19841 0.00004 0.00001 0.29800
0.00221 0.00037 0.20480 0.78753 0.00006 0.00504
0.00016 0.00188 0.00455 0.27666 0.51621 0.20055
0.00000 0.00000 0.00000 0.00000 0.50090 0.49910
0.60026 0.00005 0.20632 0.19337 0.00000 0.00000

observation: 6
0.00008 0.29943 0.00250 0.09996 0.29871 0.09829
0.09993 0.39616 0.00002 0.10139 0.00000 0.10048
0.40438 0.20021 0.48845 0.29559 0.30248 0.00000
0.49560 0.10420 0.50616 0.40307 0.00000 0.00000
0.00000 0.00000 0.00287 0.10000 0.00000 0.80123
0.00000 0.00000 0.00000 0.00000 0.39881 0.00000
