initial: 6
0.50714 0.49286 0.00000 0.00000 0.00000 0.00000

transition: 6
0.29136 0.50892 0.00678 0.19246 0.00002 0.00047
0.00074 0.50237 0.19853 0.00004 0.00001 0.29832
0.00224 0.00027 0.20265 0.78884 0.00005 0.00596
0.00016 0.00115 0.00434 0.28070 0.51380 0.19987
0.00000 0.00000 0.00000 0.00000 0.50086 0.49914
0.59854 0.00005 0.20670 0.19472 0.00000 0.00000

observation: 6
0.00017 0.29931 0.00172 0.09976 0.29886 0.09843
0.09999 0.39613 0.00002 0.10136 0.00000 0.10054
0.40426 0.20027 0.48961 0.29582 0.30239 0.00000
0.49557 0.10429 0.50683 0.40306 0.00000 0.00000
0.00000 0.00000 0.00182 0.10001 0.00000 0.80102
0.00000 0.00000 0.00000 0.00000 0.39875 0.00000
